1007 1064 0.2730039313
1064 1007 0.2730039313
1007 1084 0.2762489755
1084 1007 0.2762489755
1007 1100 0.1677224971
1100 1007 0.1677224971
1007 1176 0.1343714118
1176 1007 0.1343714118
1007 1257 0.2796321476
1257 1007 0.2796321476
1007 1284 0.1444322048
1284 1007 0.1444322048
1007 1348 0.1332673309
1348 1007 0.1332673309
1007 1357 0.1747931592
1357 1007 0.1747931592
1007 1389 0.1392791208
1389 1007 0.1392791208
1007 1422 0.3382657651
1422 1007 0.3382657651
1007 1426 0.1616441078
1426 1007 0.1616441078
1007 1509 0.2103274487
1509 1007 0.2103274487
1007 1531 0.2948196147
1531 1007 0.2948196147
1007 1592 0.1088841446
1592 1007 0.1088841446
1007 1596 0.2485611898
1596 1007 0.2485611898
1007 1617 0.1205431215
1617 1007 0.1205431215
1007 1707 0.2533803953
1707 1007 0.2533803953
1007 1914 0.3036612236
1914 1007 0.3036612236
1007 1921 0.2376252745
1921 1007 0.2376252745
1007 1968 0.1982803616
1968 1007 0.1982803616
1007 2008 0.3382657651
2008 1007 0.3382657651
1007 2027 0.3313490093
2027 1007 0.3313490093
1007 2131 0.1711792394
2131 1007 0.1711792394
1007 2134 0.3382657651
2134 1007 0.3382657651
1007 2189 0.3084804291
2189 1007 0.3084804291
1007 2194 0.2298931930
2194 1007 0.2298931930
1007 2195 0.1617794020
2195 1007 0.1617794020
1007 2249 0.2103274487
2249 1007 0.2103274487
1007 2359 0.2485611898
2359 1007 0.2485611898
1007 2483 0.3084804291
2483 1007 0.3084804291
1007 2496 0.1636027906
2496 1007 0.1636027906
1007 2542 0.2868637258
2542 1007 0.2868637258
1007 2600 0.2008041464
2600 1007 0.2008041464
1007 2603 0.2991175557
2603 1007 0.2991175557
1007 2606 0.1900292902
2606 1007 0.1900292902
1007 2608 0.2698861770
2608 1007 0.2698861770
1007 2611 0.2147861432
2611 1007 0.2147861432
1007 2673 0.1029612270
2673 1007 0.1029612270
1007 2677 0.2462568967
2677 1007 0.2462568967
1007 2696 0.2440175220
2696 1007 0.2440175220
1007 2725 0.3136107604
2725 1007 0.3136107604
1007 2736 0.3382657651
2736 1007 0.3382657651
1007 2786 0.2061056135
2786 1007 0.2061056135
1007 2918 0.2190871580
2918 1007 0.2190871580
1007 2959 0.2533803953
2959 1007 0.2533803953
1007 2969 0.3084804291
2969 1007 0.3084804291
1007 2976 0.2959383613
2976 1007 0.2959383613
1007 2987 0.1160792056
2987 1007 0.1160792056
1007 3046 0.2730039313
3046 1007 0.2730039313
1007 3137 0.1360568292
3137 1007 0.1360568292
1007 3159 0.1739970730
3159 1007 0.1739970730
1007 3221 0.2668861022
3221 1007 0.2668861022
1007 3313 0.1061575355
3313 1007 0.1061575355
1007 3318 0.2559041802
3318 1007 0.2559041802
1007 3360 0.1636027906
3360 1007 0.1636027906
1007 3374 0.2730039313
3374 1007 0.2730039313
1007 3375 0.3249862107
3375 1007 0.3249862107
1007 3387 0.2655670302
3387 1007 0.2655670302
1007 3394 0.2668861022
3394 1007 0.2668861022
1007 3412 0.2639951456
3412 1007 0.2639951456
1007 3435 0.1193261848
3435 1007 0.1193261848
1007 3457 0.3136107604
3457 1007 0.3136107604
1008 1092 0.3572176642
1092 1008 0.3572176642
1008 1117 0.3407118826
1117 1008 0.3407118826
1008 1357 0.2070246127
1357 1008 0.2070246127
1008 1358 0.1181673100
1358 1008 0.1181673100
1008 1426 0.1957550769
1426 1008 0.1957550769
1008 1557 0.3052353848
1557 1008 0.3052353848
1008 1685 0.1576735325
1685 1008 0.1576735325
1008 1781 0.2881356337
1781 1008 0.2881356337
1008 1823 0.3190951793
1823 1008 0.3190951793
1008 1866 0.2740709613
1866 1008 0.2740709613
1008 1884 0.3358926771
1884 1008 0.3358926771
1008 1919 0.1926856129
1919 1008 0.1926856129
1008 1934 0.1056118002
1934 1008 0.1056118002
1008 1970 0.3270510682
1970 1008 0.3270510682
1008 2023 0.1033222567
2023 1008 0.1033222567
1008 2080 0.1591781682
2080 1008 0.1591781682
1008 2128 0.3572176642
2128 1008 0.3572176642
1008 2150 0.2784883502
2150 1008 0.2784883502
1008 2160 0.2025323133
2160 1008 0.2025323133
1008 2162 0.3190951793
2162 1008 0.3190951793
1008 2177 0.1627633439
2177 1008 0.1627633439
1008 2214 0.3190951793
2214 1008 0.3190951793
1008 2325 0.2567635674
2325 1008 0.2567635674
1008 2477 0.3635804628
2477 1008 0.3635804628
1008 2515 0.3635804628
2515 1008 0.3635804628
1008 2605 0.1519245790
2605 1008 0.1519245790
1008 2606 0.2222607438
2606 1008 0.2222607438
1008 2619 0.2550539844
2619 1008 0.2550539844
1008 2629 0.3021176305
2629 1008 0.3021176305
1008 2648 0.1077038301
2648 1008 0.1077038301
1008 2654 0.1655636266
2654 1008 0.1655636266
1008 2824 0.1056118002
2824 1008 0.1056118002
1008 2854 0.3358926771
2854 1008 0.3358926771
1008 2970 0.3733139446
2970 1008 0.3733139446
1008 3012 0.1853199266
3012 1008 0.1853199266
1008 3158 0.1178579574
3158 1008 0.1178579574
1008 3285 0.3635804628
3285 1008 0.3635804628
1008 3288 0.1444322048
3288 1008 0.1444322048
1008 3329 0.1006106201
3329 1008 0.1006106201
1008 3330 0.1123410736
3330 1008 0.1123410736
1008 3333 0.2098471298
3333 1008 0.2098471298
1008 3416 0.2962265991
3416 1008 0.2962265991
1008 3435 0.1152558530
3435 1008 0.1152558530
1010 1034 0.3230346023
1034 1010 0.3230346023
1010 1058 0.2450050197
1058 1010 0.2450050197
1010 1146 0.1899049860
1146 1010 0.1899049860
1010 1183 0.2556197700
1183 1010 0.2556197700
1010 1224 0.1711792394
1224 1010 0.1711792394
1010 1282 0.3229736337
1282 1010 0.3229736337
1010 1284 0.1360568292
1284 1010 0.1360568292
1010 1297 0.2528302717
1297 1010 0.2528302717
1010 1304 0.3107198038
1304 1010 0.3107198038
1010 1315 0.2292793479
1315 1010 0.2292793479
1010 1355 0.1160792056
1355 1010 0.1160792056
1010 1357 0.1664177836
1357 1010 0.1664177836
1010 1358 0.1806701621
1358 1010 0.1806701621
1010 1509 0.2019520732
1509 1010 0.2019520732
1010 1513 0.2233883165
1513 1010 0.2233883165
1010 1523 0.2202270784
1523 1010 0.2202270784
1010 1527 0.1201246601
1527 1010 0.1201246601
1010 1560 0.3229736337
1560 1010 0.3229736337
1010 1592 0.1000203750
1592 1010 0.1000203750
1010 1594 0.2952858480
1594 1010 0.2952858480
1010 1686 0.2401858142
1686 1010 0.2401858142
1010 1849 0.2079543607
1849 1010 0.2079543607
1010 1932 0.1017497344
1932 1010 0.1017497344
1010 1934 0.1271086984
1934 1010 0.1271086984
1010 2026 0.2279953648
2026 1010 0.2279953648
1010 2070 0.2048965781
2070 1010 0.2048965781
1010 2080 0.1837986866
2080 1010 0.1837986866
1010 2145 0.2747903558
2145 1010 0.2747903558
1010 2159 0.2127735662
2159 1010 0.2127735662
1010 2195 0.2266590122
2195 1010 0.2266590122
1010 2463 0.3298903895
2463 1010 0.3298903895
1010 2496 0.1552274150
2496 1010 0.1552274150
1010 2524 0.3107198038
2524 1010 0.3107198038
1010 2555 0.3288388347
2555 1010 0.3288388347
1010 2605 0.1113177499
2605 1010 0.1113177499
1010 2629 0.2615108014
2629 1010 0.2615108014
1010 2639 0.1020235173
2639 1010 0.1020235173
1010 2648 0.1293227210
2648 1010 0.1293227210
1010 2701 0.2253038922
2701 1010 0.2253038922
1010 2866 0.5702886818
2866 1010 0.5702886818
1010 2987 0.1077038301
2987 1010 0.1077038301
1010 3000 0.1358397477
3000 1010 0.1358397477
1010 3014 0.2615108014
3014 1010 0.2615108014
1010 3191 0.2179038975
3191 1010 0.2179038975
1010 3239 0.2253038922
3239 1010 0.2253038922
1010 3254 0.2378815211
3254 1010 0.2378815211
1010 3279 0.3298903895
3279 1010 0.3298903895
1010 3282 0.1305724103
3282 1010 0.1305724103
1010 3288 0.1038253757
3288 1010 0.1038253757
1010 3313 0.1360453746
3313 1010 0.1360453746
1010 3329 0.1218158841
3329 1010 0.1218158841
1010 3352 0.1772970684
3352 1010 0.1772970684
1010 3413 0.2144471553
3413 1010 0.2144471553
1010 3445 0.1190792804
3445 1010 0.1190792804
1010 3447 0.2085383653
3447 1010 0.2085383653
1010 3459 0.3076962542
3459 1010 0.3076962542
1018 1296 0.2425589023
1296 1018 0.2425589023
1018 1358 0.1250840658
1358 1018 0.1250840658
1018 1523 0.1611864177
1523 1018 0.1611864177
1018 1597 0.4504151419
1597 1018 0.4504151419
1018 1926 0.3121521406
1926 1018 0.3121521406
1018 2023 0.1102390125
2023 1018 0.1102390125
1018 2026 0.1120211046
2026 1018 0.1120211046
1018 2150 0.2854051061
2150 1018 0.2854051061
1018 2209 0.1170418658
2209 1018 0.1170418658
1018 2223 0.2425589023
2223 1018 0.2425589023
1018 2275 0.3641344201
2275 1018 0.3641344201
1018 2601 0.1854959899
2601 1018 0.1854959899
1018 2641 0.2167638856
2641 1018 0.2167638856
1018 2654 0.1082577873
2654 1018 0.1082577873
1018 2687 0.2452538229
2687 1018 0.2452538229
1018 2806 0.3298903895
2806 1018 0.3298903895
1018 3012 0.1922366824
3012 1018 0.1922366824
1018 3159 0.2154281353
3159 1018 0.2154281353
1018 3329 0.1721107159
3329 1018 0.1721107159
1018 3330 0.1192578294
3330 1018 0.1192578294
1018 3374 0.3121521406
3374 1018 0.3121521406
102 106 0.1221024929
106 102 0.1221024929
102 1088 0.2630543944
1088 102 0.2630543944
102 1103 0.2003779119
1103 102 0.2003779119
102 1231 0.2053478142
1231 102 0.2053478142
102 1285 0.1891632150
1285 102 0.1891632150
102 1389 0.1535263236
1389 102 0.1535263236
102 1392 0.2028240294
1392 102 0.2028240294
102 1425 0.2531048576
1425 102 0.2531048576
102 1426 0.1081396442
1426 102 0.1081396442
102 143 0.1933690018
143 102 0.1933690018
102 1438 0.2685388134
1438 102 0.2685388134
102 1497 0.2053478142
1497 102 0.2053478142
102 1512 0.1506216845
1512 102 0.1506216845
102 153 0.2024374523
153 102 0.2024374523
102 1543 0.2877093992
1543 102 0.2877093992
102 1657 0.1721580687
1657 102 0.1721580687
102 1684 0.1098977934
1684 102 0.1098977934
102 1685 0.1375656169
1685 102 0.1375656169
102 169 0.1722661649
169 102 0.1722661649
102 1753 0.1061296688
1753 102 0.1061296688
102 1781 0.3206852186
1781 102 0.3206852186
102 1849 0.1657733704
1849 102 0.1657733704
102 186 0.1812073262
186 102 0.1812073262
102 1874 0.2134387797
1874 102 0.2134387797
102 1912 0.2134387797
1912 102 0.2134387797
102 1934 0.1206960320
1934 102 0.1206960320
102 1962 0.1020640707
1962 102 0.1020640707
102 1967 0.1394729243
1967 102 0.1394729243
102 1987 0.1689534962
1987 102 0.1689534962
102 208 0.3425112273
208 102 0.3425112273
102 2111 0.2326093654
2111 102 0.2326093654
102 2129 0.2290757817
2129 102 0.2290757817
102 2175 0.1541903676
2175 102 0.1541903676
102 2194 0.1793368270
2194 102 0.1793368270
102 2221 0.1891632150
2221 102 0.1891632150
102 2223 0.1528543270
2223 102 0.1528543270
102 2249 0.1597710828
2249 102 0.1597710828
102 2375 0.2224475653
2375 102 0.2224475653
102 2492 0.1233177941
2492 102 0.1233177941
102 2600 0.1502477805
2600 102 0.1502477805
102 2605 0.1314814242
2605 102 0.1314814242
102 2606 0.1394729243
2606 102 0.1394729243
102 2625 0.2877093992
2625 102 0.2877093992
102 2684 0.1383611223
2684 102 0.1383611223
102 272 0.1256412117
272 102 0.1256412117
102 277 0.1775093317
277 102 0.1775093317
102 2786 0.2229328912
2786 102 0.2229328912
102 2807 0.1583387459
2807 102 0.1583387459
102 2825 0.1957005308
2825 102 0.1957005308
102 2886 0.2256926096
2886 102 0.2256926096
102 2889 0.2083229285
2889 102 0.2083229285
102 3005 0.2579240631
3005 102 0.2579240631
102 3031 0.2807926433
3031 102 0.2807926433
102 3076 0.2531048576
3076 102 0.2531048576
102 3135 0.2028240294
3135 102 0.2028240294
102 3137 0.1893699061
3137 102 0.1893699061
102 3157 0.2278531118
3157 102 0.2278531118
102 3158 0.1162927405
3158 102 0.1162927405
102 3218 0.1063067176
3218 102 0.1063067176
102 3221 0.2163297363
3221 102 0.2163297363
102 3245 0.1224092980
3245 102 0.1224092980
102 3333 0.1927816177
3333 102 0.1927816177
102 3338 0.2363073599
3338 102 0.2363073599
102 3360 0.1130464246
3360 102 0.1130464246
102 3369 0.2877093992
3369 102 0.2877093992
102 3374 0.2224475653
3374 102 0.2224475653
102 3394 0.2163297363
3394 102 0.2163297363
102 3447 0.2050014380
3447 102 0.2050014380
102 3465 0.1912831419
3465 102 0.1912831419
102 361 0.1044449256
361 102 0.1044449256
102 401 0.2685388134
401 102 0.2685388134
102 559 0.1394729243
559 102 0.1394729243
102 566 0.1646198044
566 102 0.1646198044
102 613 0.2685388134
613 102 0.2685388134
102 617 0.2290757817
617 102 0.2290757817
102 626 0.2442632488
626 102 0.2442632488
102 702 0.1371434858
702 102 0.1371434858
102 721 0.1179558945
721 102 0.1179558945
102 760 0.2877093992
760 102 0.2877093992
102 782 0.1934611561
782 102 0.1934611561
102 799 0.2256926096
799 102 0.2256926096
102 806 0.1406004971
806 102 0.1406004971
102 811 0.2106492813
811 102 0.2106492813
102 816 0.1739757479
816 102 0.1739757479
102 832 0.2807926433
832 102 0.2807926433
102 837 0.1083690435
837 102 0.1083690435
102 840 0.1482291295
840 102 0.1482291295
102 891 0.2863112199
891 102 0.2863112199
102 946 0.1980048239
946 102 0.1980048239
102 978 0.2363073599
978 102 0.2363073599
1020 1097 0.1459538090
1097 1020 0.1459538090
1020 1215 0.2730039313
1215 1020 0.2730039313
1020 1277 0.2988725862
1277 1020 0.2988725862
1020 1349 0.2473628438
1349 1020 0.2473628438
1020 1513 0.2056500676
1513 1020 0.2056500676
1020 1527 0.1345829025
1527 1020 0.1345829025
1020 1547 0.1902161118
1547 1020 0.1902161118
1020 1560 0.3052353848
1560 1020 0.3052353848
1020 1605 0.4414715501
1605 1020 0.4414715501
1020 1686 0.2224475653
1686 1020 0.2224475653
1020 1723 0.3131257509
1723 1020 0.3131257509
1020 1914 0.2775475991
1914 1020 0.2775475991
1020 1921 0.1433184557
1921 1020 0.1433184557
1020 1967 0.1639156658
1967 1020 0.1639156658
1020 1968 0.1721667371
1968 1020 0.1721667371
1020 2023 0.1059130236
2023 1020 0.1059130236
1020 2150 0.2201432723
2150 1020 0.2201432723
1020 2194 0.2037795685
2194 1020 0.2037795685
1020 2230 0.1886725187
2230 1020 0.1886725187
1020 2422 0.2775475991
2422 1020 0.2775475991
1020 2601 0.1202341561
2601 1020 0.1202341561
1020 2605 0.1573494974
2605 1020 0.1573494974
1020 2648 0.1497698643
2648 1020 0.1497698643
1020 2651 0.2929815549
2651 1020 0.2929815549
1020 2654 0.1038162670
2654 1020 0.1038162670
1020 2676 0.2687059902
2676 1020 0.2687059902
1020 2681 0.2775475991
2681 1020 0.2775475991
1020 2687 0.2488009643
2687 1020 0.2488009643
1020 2696 0.2179038975
2696 1020 0.2179038975
1020 2740 0.2224475653
2740 1020 0.2224475653
1020 2889 0.1661870359
2889 1020 0.1661870359
1020 2962 0.2929815549
2962 1020 0.2929815549
1020 3110 0.2874971359
3110 1020 0.2874971359
1020 3197 0.1799919891
3197 1020 0.1799919891
1020 3217 0.2272667708
3217 1020 0.2272667708
1020 3218 0.1321747908
3218 1020 0.1321747908
1020 3280 0.1043355773
3280 1020 0.1043355773
1020 3317 0.1734186141
3317 1020 0.1734186141
1020 3366 0.2629868561
3366 1020 0.2629868561
1020 3391 0.1813745030
3391 1020 0.1813745030
1020 3416 0.3100662137
3416 1020 0.3100662137
1020 3445 0.1655636266
3445 1020 0.1655636266
1023 1086 0.3084804291
1086 1023 0.3084804291
1023 1088 0.3229736337
1088 1023 0.3229736337
1023 1142 0.1624513464
1142 1023 0.1624513464
1023 1224 0.1889174883
1224 1023 0.1889174883
1023 1246 0.2705685206
1246 1023 0.2705685206
1023 1297 0.3446592930
1297 1023 0.3446592930
1023 1348 0.1426302042
1348 1023 0.1426302042
1023 1357 0.1841560325
1357 1023 0.1841560325
1023 1509 0.2196903221
1509 1023 0.2196903221
1023 1523 0.2396626660
1523 1023 0.2396626660
1023 1587 0.1755020321
1587 1023 0.1755020321
1023 1626 0.3284580527
1626 1023 0.3284580527
1023 1657 0.1029054096
1657 1023 0.1029054096
1023 1682 0.2889950209
1682 1023 0.2889950209
1023 1748 0.2321854042
1748 1023 0.2321854042
1023 1856 0.2627432686
1856 1023 0.2627432686
1023 1914 0.3130240969
1914 1023 0.3130240969
1023 1962 0.1012595424
1962 1023 0.1012595424
1023 1973 0.2856118488
1973 1023 0.2856118488
1023 1987 0.2288727355
1987 1023 0.2288727355
1023 1999 0.1708149895
1999 1023 0.1708149895
1023 2026 0.1474077833
2026 1023 0.1474077833
1023 2070 0.2226348270
2070 1023 0.2226348270
1023 2089 0.1128106115
2089 1023 0.1128106115
1023 2148 0.2678736000
2148 1023 0.2678736000
1023 2155 0.2962265991
2155 1023 0.2962265991
1023 2160 0.2484535667
2160 1023 0.2484535667
1023 2177 0.1385612262
2177 1023 0.1385612262
1023 2195 0.1720381906
2195 1023 0.1720381906
1023 2209 0.1912940072
2209 1023 0.1912940072
1023 2249 0.2196903221
2249 1023 0.2196903221
1023 2283 0.2705685206
2283 1023 0.2705685206
1023 2412 0.2256926096
2412 1023 0.2256926096
1023 2605 0.1948947392
2605 1023 0.1948947392
1023 2609 0.3084804291
2609 1023 0.3084804291
1023 2648 0.1480953419
2648 1023 0.1480953419
1023 2673 0.1128700784
2673 1023 0.1128700784
1023 2752 0.3407118826
2752 1023 0.3407118826
1023 2807 0.2182579852
2807 1023 0.2182579852
1023 2824 0.2168389550
2824 1023 0.2168389550
1023 2825 0.3288388347
2825 1023 0.3288388347
1023 2868 0.2211489418
2868 1023 0.2211489418
1023 2918 0.1219853367
2918 1023 0.1219853367
1023 2931 0.3041824880
2931 1023 0.3041824880
1023 2959 0.2627432686
2959 1023 0.2627432686
1023 3109 0.3476286384
3109 1023 0.3476286384
1023 3110 0.3229736337
3110 1023 0.3229736337
1023 3158 0.1322789727
3158 1023 0.1322789727
1023 3288 0.1869654616
3288 1023 0.1869654616
1023 3333 0.1869785496
3333 1023 0.1869785496
103 106 0.1534316592
106 103 0.1534316592
103 1065 0.2728274772
1065 103 0.2728274772
103 1067 0.3223139407
1067 103 0.3223139407
103 1100 0.2068707065
1100 103 0.2068707065
103 1199 0.2831657314
1199 103 0.2831657314
103 1224 0.2187028243
1224 103 0.2187028243
103 133 0.2480433212
133 103 0.2480433212
103 1358 0.1250840658
1358 103 0.1250840658
103 1418 0.3090343863
1418 103 0.3090343863
103 1426 0.1367856877
1426 103 0.1367856877
103 143 0.2703933939
143 103 0.2703933939
103 1497 0.2950523895
1497 103 0.2950523895
103 153 0.2258876834
153 103 0.2258876834
103 1617 0.1619741838
1617 103 0.1619741838
103 1657 0.1326907457
1657 103 0.1326907457
103 1684 0.1996023687
1684 103 0.1996023687
103 169 0.3355601495
169 103 0.3355601495
103 1780 0.3774139745
1780 103 0.3774139745
103 1835 0.2709119014
1835 103 0.2709119014
103 1894 0.3774139745
1894 103 0.3774139745
103 1932 0.2162909942
1932 103 0.2162909942
103 2000 0.3641344201
2000 103 0.3641344201
103 246 0.1829520113
246 103 0.1829520113
103 2492 0.2130223694
2492 103 0.2130223694
103 258 0.2068707065
258 103 0.2068707065
103 2599 0.3223139407
2599 103 0.3223139407
103 2648 0.1146205859
2648 103 0.1146205859
103 272 0.1170418658
272 103 0.1170418658
103 2737 0.1752050386
2737 103 0.1752050386
103 3031 0.3704972186
3031 103 0.3704972186
103 3158 0.1251780506
3158 103 0.1251780506
103 3187 0.3470499763
3187 103 0.3470499763
103 3280 0.1087484836
3280 103 0.1087484836
103 3314 0.1616638519
3314 103 0.1616638519
103 3320 0.3121521406
3320 103 0.3121521406
103 3330 0.1192578294
3330 103 0.1192578294
103 3338 0.3260119352
3338 103 0.3260119352
103 3446 0.3260119352
3446 103 0.3260119352
103 361 0.1750592691
361 103 0.1750592691
103 459 0.1495271168
459 103 0.1495271168
103 597 0.3153971849
597 103 0.3153971849
103 721 0.1460610623
721 103 0.1460610623
103 813 0.2747903558
813 103 0.2747903558
1034 1036 0.1038253757
1036 1034 0.1038253757
1034 1051 0.2976589360
1051 1034 0.2976589360
1034 1099 0.2730039313
1099 1034 0.2730039313
1034 1100 0.1271156680
1100 1034 0.1271156680
1034 1142 0.1773538826
1142 1034 0.1773538826
1034 1192 0.1131882490
1192 1034 0.1131882490
1034 1199 0.2034106929
1199 1034 0.2034106929
1034 1210 0.2205988182
1210 1034 0.2205988182
1034 1216 0.1772970684
1216 1034 0.1772970684
1034 1234 0.2394743160
1234 1034 0.2394743160
1034 1297 0.2205988182
1297 1034 0.2205988182
1034 1303 0.2843793816
1303 1034 0.2843793816
1034 1315 0.1970478943
1315 1034 0.1970478943
1034 1352 0.2976589360
1352 1034 0.2976589360
1034 1364 0.2501353511
1364 1034 0.2501353511
1034 1372 0.1856724440
1372 1034 0.1856724440
1034 1387 0.1494224611
1387 1034 0.1494224611
1034 1497 0.2152973511
1497 1034 0.2152973511
1034 1527 0.1014704558
1527 1034 0.1014704558
1034 1594 0.2630543944
1594 1034 0.2630543944
1034 1605 0.2425589023
1605 1034 0.2425589023
1034 1684 0.1198473303
1684 1034 0.1198473303
1034 1753 0.1160792056
1753 1034 0.1160792056
1034 1811 0.2678736000
1811 1034 0.2678736000
1034 1827 0.1772970684
1827 1034 0.1772970684
1034 1912 0.2233883165
1912 1034 0.2233883165
1034 1919 0.1198473303
1919 1034 0.1198473303
1034 1957 0.2323971022
1957 1034 0.2323971022
1034 1968 0.1576735325
1968 1034 0.1576735325
1034 1987 0.1789030331
1987 1034 0.1789030331
1034 2008 0.2976589360
2008 1034 0.2976589360
1034 2026 0.1322637078
2026 1034 0.1322637078
1034 2089 0.1248184433
2089 1034 0.1248184433
1034 2095 0.2907421802
2095 1034 0.2907421802
1034 2111 0.2425589023
2111 1034 0.2425589023
1034 2131 0.1305724103
2131 1034 0.1305724103
1034 2148 0.2179038975
2148 1034 0.2179038975
1034 2160 0.1296940307
2160 1034 0.1296940307
1034 2175 0.1641399044
2175 1034 0.1641399044
1034 2195 0.1460021658
2195 1034 0.1460021658
1034 2223 0.1628038638
2223 1034 0.1628038638
1034 2249 0.1697206196
2249 1034 0.1697206196
1034 2261 0.2127735662
2261 1034 0.2127735662
1034 2277 0.2205988182
2277 1034 0.2205988182
1034 2416 0.2907421802
2416 1034 0.2907421802
1034 2448 0.1741793141
2448 1034 0.1741793141
1034 2463 0.2976589360
2463 1034 0.2976589360
1034 2492 0.1332673309
2492 1034 0.1332673309
1034 2496 0.1229959615
2496 1034 0.1229959615
1034 2516 0.2843793816
2516 1034 0.2843793816
1034 2555 0.2233883165
2555 1034 0.2233883165
1034 2558 0.1180098015
2558 1034 0.1180098015
1034 2588 0.2542127856
2588 1034 0.2542127856
1034 2600 0.1601973173
2600 1034 0.1601973173
1034 2611 0.1741793141
2611 1034 0.1741793141
1034 2639 0.1571091240
2639 1034 0.1571091240
1034 2673 0.1256251664
2673 1034 0.1256251664
1034 2677 0.2056500676
2677 1034 0.2056500676
1034 2754 0.2323971022
2754 1034 0.2323971022
1034 2776 0.2784883502
2776 1034 0.2784883502
1034 2824 0.1606805978
2824 1034 0.1606805978
1034 2853 0.1822157018
2853 1034 0.1822157018
1034 2866 0.2784883502
2866 1034 0.2784883502
1034 2889 0.1516938312
2889 1034 0.1516938312
1034 2952 0.2356421464
2952 1034 0.2356421464
1034 2969 0.2678736000
2969 1034 0.2678736000
1034 2970 0.1805421127
2970 1034 0.1805421127
1034 3021 0.1628038638
3021 1034 0.1628038638
1034 3142 0.1440127181
3142 1034 0.1440127181
1034 3157 0.1305724103
3157 1034 0.1305724103
1034 3159 0.1709650883
3159 1034 0.1709650883
1034 3197 0.1654987844
3197 1034 0.1654987844
1034 3218 0.1168364426
3218 1034 0.1168364426
1034 3229 0.1389477858
3229 1034 0.1389477858
1034 3230 0.1058366714
3230 1034 0.1058366714
1034 3254 0.2056500676
3254 1034 0.2056500676
1034 3260 0.1856724440
3260 1034 0.1856724440
1034 3288 0.1340818716
3288 1034 0.1340818716
1034 3313 0.1007297555
3313 1034 0.1007297555
1034 3318 0.2152973511
3318 1034 0.2152973511
1034 3338 0.2462568967
3338 1034 0.2462568967
1034 3354 0.2976589360
3354 1034 0.2976589360
1034 3387 0.1552274150
3387 1034 0.1552274150
1034 3389 0.2542127856
3389 1034 0.2542127856
1034 3446 0.2462568967
3446 1034 0.2462568967
1034 3448 0.2730039313
3448 1034 0.2730039313
1036 1042 0.1644098284
1042 1036 0.1644098284
1036 1051 0.1835804142
1051 1036 0.1835804142
1036 1052 0.2525986416
1052 1036 0.2525986416
1036 1067 0.1284803804
1067 1036 0.1284803804
1036 1100 0.1812900906
1100 1036 0.1812900906
1036 1149 0.2452785484
1149 1036 0.2452785484
1036 1154 0.1093097947
1154 1036 0.1093097947
1036 1176 0.2305980556
1176 1036 0.2305980556
1036 1193 0.1152008260
1193 1036 0.1152008260
1036 1194 0.1489758726
1194 1036 0.1489758726
1036 1221 0.1215636246
1221 1036 0.1215636246
1036 1224 0.1752256558
1224 1036 0.1752256558
1036 1234 0.1187435234
1234 1036 0.1187435234
1036 1267 0.1644098284
1267 1036 0.1644098284
1036 1277 0.2385447154
1277 1036 0.2385447154
1036 1297 0.1065202964
1297 1036 0.1065202964
1036 1333 0.1703008598
1333 1036 0.1703008598
1036 1349 0.1112937031
1349 1036 0.1112937031
1036 1364 0.1360568292
1364 1036 0.1360568292
1036 1389 0.1617580031
1389 1036 0.1617580031
1036 1392 0.1627633439
1392 1036 0.1627633439
1036 1410 0.1835804142
1410 1036 0.1835804142
1036 1418 0.2533163751
1418 1036 0.2533163751
1036 1497 0.2065923321
1497 1036 0.2065923321
1036 1557 0.1835311888
1557 1036 0.1835311888
1036 1560 0.1766636583
1560 1036 0.1766636583
1036 1580 0.1905459169
1580 1036 0.1905459169
1036 1595 0.1710449104
1595 1036 0.1710449104
1036 1605 0.1284803804
1605 1036 0.1284803804
1036 1606 0.1360568292
1606 1036 0.1360568292
1036 1611 0.1012188292
1611 1036 0.1012188292
1036 1645 0.1766636583
1645 1036 0.1766636583
1036 1661 0.2111675793
1661 1036 0.2111675793
1036 1684 0.1020088832
1684 1036 0.1020088832
1036 1690 0.1489758726
1690 1036 0.1489758726
1036 1695 0.1321783749
1695 1036 0.1321783749
1036 1714 0.1084891767
1714 1036 0.1084891767
1036 1735 0.1537950781
1735 1036 0.1537950781
1036 1775 0.1589254095
1775 1036 0.1589254095
1036 1816 0.1869654616
1816 1036 0.1869654616
1036 1821 0.1835311888
1821 1036 0.1835311888
1036 1826 0.1835804142
1826 1036 0.1835804142
1036 1831 0.1489758726
1831 1036 0.1489758726
1036 1860 0.1152008260
1860 1036 0.1152008260
1036 1874 0.1093097947
1874 1036 0.1093097947
1036 1890 0.1644098284
1890 1036 0.1644098284
1036 1904 0.2066190121
1904 1036 0.2066190121
1036 1921 0.2004367017
1921 1036 0.2004367017
1036 1970 0.1401342638
1970 1036 0.1401342638
1036 1973 0.1215636246
1973 1036 0.1215636246
1036 2000 0.1703008598
2000 1036 0.1703008598
1036 2008 0.1835804142
2008 1036 0.1835804142
1036 2021 0.1360568292
2021 1036 0.1360568292
1036 2082 0.1835804142
2082 1036 0.1835804142
1036 2129 0.1249467967
2129 1036 0.1249467967
1036 2134 0.2525986416
2134 1036 0.2525986416
1036 2139 0.2210764307
2139 1036 0.2210764307
1036 2145 0.1284803804
2145 1036 0.1284803804
1036 2162 0.1321783749
2162 1036 0.1321783749
1036 2202 0.2447639131
2202 1036 0.2447639131
1036 2230 0.1219185418
2230 1036 0.1219185418
1036 2249 0.1171998471
2249 1036 0.1171998471
1036 2275 0.2385447154
2275 1036 0.2385447154
1036 2283 0.1065202964
2283 1036 0.1065202964
1036 2369 0.1360568292
2369 1036 0.1360568292
1036 2375 0.1183185804
2375 1036 0.1183185804
1036 2421 0.2219122392
2421 1036 0.2219122392
1036 2477 0.1766636583
2477 1036 0.1766636583
1036 2489 0.1012188292
2489 1036 0.1012188292
1036 2496 0.1338699889
2496 1036 0.1338699889
1036 2522 0.1869654616
2522 1036 0.1869654616
1036 2530 0.1766636583
2530 1036 0.1766636583
1036 2555 0.1093097947
2555 1036 0.1093097947
1036 2588 0.1401342638
2588 1036 0.1401342638
1036 2609 0.1444322048
2609 1036 0.1444322048
1036 2664 0.1766636583
2664 1036 0.1766636583
1036 2665 0.1644098284
2665 1036 0.1644098284
1036 2707 0.1093097947
2707 1036 0.1093097947
1036 2736 0.2525986416
2736 1036 0.2525986416
1036 2737 0.1890554380
2737 1036 0.1890554380
1036 2793 0.1489758726
2793 1036 0.1489758726
1036 2806 0.1360568292
2806 1036 0.1360568292
1036 2807 0.1156839862
2807 1036 0.1156839862
1036 2824 0.3302288192
2824 1036 0.3302288192
1036 2889 0.2274900365
2889 1036 0.2274900365
1036 2894 0.1802316286
2894 1036 0.1802316286
1036 2936 0.1401342638
2936 1036 0.1401342638
1036 2943 0.1835804142
2943 1036 0.1835804142
1036 2947 0.2892563312
2947 1036 0.2892563312
1036 2962 0.1644098284
2962 1036 0.1644098284
1036 2963 0.2525986416
2963 1036 0.2525986416
1036 2985 0.1710449104
2985 1036 0.1710449104
1036 2987 0.1373207075
2987 1036 0.1373207075
1036 3076 0.1489758726
3076 1036 0.1489758726
1036 3110 0.1589254095
3110 1036 0.1589254095
1036 3115 0.1835804142
3115 1036 0.1835804142
1036 3187 0.2926728737
3187 1036 0.2926728737
1036 3197 0.1127318236
3197 1036 0.1127318236
1036 3221 0.1122007513
3221 1036 0.1122007513
1036 3267 0.1065202964
3267 1036 0.1065202964
1036 3273 0.1401342638
3273 1036 0.1401342638
1036 3275 0.1552244521
3275 1036 0.1552244521
1036 3287 0.1152008260
3287 1036 0.1152008260
1036 3293 0.4001655070
3293 1036 0.4001655070
1036 3324 0.1114810592
3324 1036 0.1114810592
1036 3344 0.1322328301
3344 1036 0.1322328301
1036 3367 0.1703008598
3367 1036 0.1703008598
1036 3375 0.1703008598
3375 1036 0.1703008598
1036 3394 0.1122007513
3394 1036 0.1122007513
1036 3405 0.1284803804
3405 1036 0.1284803804
1036 3444 0.1489758726
3444 1036 0.1489758726
1042 1065 0.3267614945
1065 1042 0.3267614945
1042 1067 0.3031433550
1067 1042 0.3031433550
1042 1088 0.3335883840
1088 1042 0.3335883840
1042 1192 0.1737727017
1192 1042 0.1737727017
1042 1210 0.3558930221
1210 1042 0.3558930221
1042 1234 0.2317636921
1234 1042 0.2317636921
1042 1348 0.1532449545
1348 1042 0.1532449545
1042 1358 0.1704027088
1358 1042 0.1704027088
1042 1389 0.1910113337
1389 1042 0.1910113337
1042 1470 0.2996097712
1470 1042 0.2996097712
1042 1519 0.1165227569
1519 1042 0.1165227569
1042 1596 0.2685388134
1596 1042 0.2685388134
1042 1617 0.1416857020
1617 1042 0.1416857020
1042 1684 0.1804317830
1684 1042 0.1804317830
1042 1686 0.2685388134
1686 1042 0.2685388134
1042 1714 0.2220743602
1714 1042 0.2220743602
1042 1860 0.2898638006
1860 1042 0.2898638006
1042 1919 0.1804317830
1919 1042 0.1804317830
1042 1921 0.1894097037
1921 1042 0.1894097037
1042 1967 0.2100069138
1967 1042 0.2100069138
1042 2023 0.1546919946
2023 1042 0.1546919946
1042 2080 0.1469243382
2080 1042 0.1469243382
1042 2129 0.2996097712
2129 1042 0.2996097712
1042 2175 0.2247243571
2175 1042 0.2247243571
1042 2202 0.3107198038
2202 1042 0.3107198038
1042 2261 0.2733580189
2261 1042 0.2733580189
1042 2274 0.2317636921
2274 1042 0.2317636921
1042 2283 0.2811832709
2283 1042 0.2811832709
1042 2327 0.2784883502
2327 1042 0.2784883502
1042 2448 0.2347637668
2448 1042 0.2347637668
1042 2466 0.3513266329
2466 1042 0.3513266329
1042 2558 0.1439907229
2558 1042 0.1439907229
1042 2588 0.3147972383
2588 1042 0.3147972383
1042 2611 0.2347637668
2611 1042 0.2347637668
1042 2639 0.1320298674
2639 1042 0.1320298674
1042 2648 0.1593290711
2648 1042 0.1593290711
1042 2707 0.2839727692
2707 1042 0.2839727692
1042 2737 0.2234463902
2737 1042 0.2234463902
1042 2754 0.2929815549
2754 1042 0.2929815549
1042 2779 0.2480433212
2779 1042 0.2480433212
1042 2793 0.3236388472
2793 1042 0.3236388472
1042 2825 0.2662345203
2825 1042 0.2662345203
1042 2936 0.3147972383
2936 1042 0.3147972383
1042 2962 0.3390728030
2962 1042 0.3390728030
1042 3137 0.1560344528
3137 1042 0.1560344528
1042 3158 0.1733088283
3158 1042 0.1733088283
1042 3159 0.1292874183
3159 1042 0.1292874183
1042 3218 0.1158831697
3218 1042 0.1158831697
1042 3360 0.1835804142
3360 1042 0.1835804142
1042 3435 0.1022874644
3435 1042 0.1022874644
1051 1100 0.2068707065
1100 1051 0.2068707065
1051 1192 0.1929432875
1192 1051 0.1929432875
1051 1210 0.3003538566
1210 1051 0.3003538566
1051 1224 0.2187028243
1224 1051 0.2187028243
1051 1297 0.3003538566
1297 1051 0.3003538566
1051 1303 0.3641344201
1303 1051 0.3641344201
1051 1753 0.1958342441
1753 1051 0.1958342441
1051 1821 0.3121521406
1821 1051 0.3121521406
1051 1921 0.2085802895
1921 1051 0.2085802895
1051 1932 0.1492733194
1932 1051 0.1492733194
1051 2023 0.1102390125
2023 1051 0.1102390125
1051 2080 0.1660949240
2080 1051 0.1660949240
1051 2089 0.1425959476
2089 1051 0.1425959476
1051 2139 0.3476286384
2139 1051 0.3476286384
1051 2158 0.1024394679
2158 1051 0.1024394679
1051 2177 0.1056118002
2177 1051 0.1056118002
1051 2195 0.2356347176
2195 1051 0.2356347176
1051 2209 0.1821800251
2209 1051 0.1821800251
1051 2261 0.2925286047
2261 1051 0.2925286047
1051 2416 0.3704972186
2416 1051 0.3704972186
1051 2496 0.2027509999
2496 1051 0.2027509999
1051 2524 0.3582433887
2524 1051 0.3582433887
1051 2558 0.1001273813
2558 1051 0.1001273813
1051 2605 0.2264169502
2605 1051 0.2264169502
1051 2673 0.1443922893
2673 1051 0.1443922893
1051 2677 0.2854051061
2677 1051 0.2854051061
1051 2684 0.2280656976
2684 1051 0.2280656976
1051 2824 0.1125285561
2824 1051 0.1125285561
1051 2918 0.1517706728
2918 1051 0.1517706728
1051 3000 0.1040871342
3000 1051 0.1040871342
1051 3159 0.1484580041
3159 1051 0.1484580041
1051 3218 0.1350537554
3218 1051 0.1350537554
1051 3281 0.3641344201
3281 1051 0.3641344201
1051 3288 0.1513489607
3288 1051 0.1513489607
1051 3329 0.1075273759
3329 1051 0.1075273759
1051 3330 0.1845252083
3330 1051 0.1845252083
1051 3352 0.2248206534
3352 1051 0.2248206534
1051 3389 0.3339678241
3389 1051 0.3339678241
1052 1100 0.2068707065
1100 1052 0.2068707065
1052 1142 0.1922366824
1142 1052 0.1922366824
1052 1149 0.3704972186
1149 1052 0.3704972186
1052 1183 0.3031433550
1183 1052 0.3031433550
1052 1296 0.2425589023
1296 1052 0.2425589023
1052 1348 0.1724155403
1348 1052 0.1724155403
1052 1513 0.2709119014
1513 1052 0.2709119014
1052 1587 0.1077151771
1587 1052 0.1077151771
1052 1684 0.2695548858
1684 1052 0.2695548858
1052 1753 0.1958342441
1753 1052 0.1958342441
1052 1816 0.3153971849
1816 1052 0.3153971849
1052 1835 0.2709119014
1835 1052 0.2709119014
1052 1968 0.2374285709
1968 1052 0.2374285709
1052 2027 0.3704972186
2027 1052 0.3704972186
1052 2202 0.3298903895
2202 1052 0.3298903895
1052 2221 0.2788677903
2221 1052 0.2788677903
1052 2558 0.1642792047
2558 1052 0.1642792047
1052 2641 0.2167638856
2641 1052 0.2167638856
1052 2784 0.3223139407
2784 1052 0.3223139407
1052 2786 0.2452538229
2786 1052 0.2452538229
1052 2793 0.4211127959
2793 1052 0.4211127959
1052 2824 0.1125285561
2824 1052 0.1125285561
1052 3000 0.1324630693
3000 1052 0.1324630693
1052 3021 0.2425589023
3021 1052 0.2425589023
1052 3159 0.1484580041
3159 1052 0.1484580041
1052 3191 0.2654274825
3191 1052 0.2654274825
1052 3282 0.1780959952
3282 1052 0.1780959952
1052 3329 0.1721107159
3329 1052 0.1721107159
1052 3344 0.2636803232
3344 1052 0.2636803232
1058 1171 0.3678999374
1171 1058 0.3678999374
1058 1183 0.2182579852
1183 1058 0.2182579852
1058 1246 0.2154684868
1246 1058 0.2154684868
1058 1304 0.2733580189
1304 1058 0.2733580189
1058 1357 0.1290559988
1357 1058 0.1290559988
1058 1364 0.2450050197
1364 1058 0.2450050197
1058 1374 0.2305118151
1374 1058 0.2305118151
1058 1389 0.1591459396
1389 1058 0.1591459396
1058 1418 0.2241490165
1418 1058 0.2241490165
1058 1422 0.2925286047
1422 1058 0.2925286047
1058 1425 0.2579240631
1425 1058 0.2579240631
1058 1426 0.1132398724
1426 1058 0.1132398724
1058 1460 0.2733580189
1460 1058 0.2733580189
1058 1509 0.1645902883
1509 1058 0.1645902883
1058 1527 0.1113684273
1527 1058 0.1113684273
1058 1584 0.2076432349
1584 1058 0.2076432349
1058 1667 0.5459175552
1667 1058 0.5459175552
1058 1919 0.1147169989
1919 1058 0.1147169989
1058 1926 0.2272667708
1926 1058 0.2272667708
1058 1932 0.1264556964
1932 1058 0.1264556964
1058 1968 0.2197515529
1968 1058 0.2197515529
1058 1975 0.2182579852
1975 1058 0.2182579852
1058 2026 0.1075630916
2026 1058 0.1075630916
1058 2070 0.1675347933
2070 1058 0.1675347933
1058 2080 0.1442582208
2080 1058 0.1442582208
1058 2129 0.2338949872
2129 1058 0.2338949872
1058 2173 0.2856118488
2173 1058 0.2856118488
1058 2249 0.1645902883
2249 1058 0.1645902883
1058 2330 0.2925286047
2330 1058 0.2925286047
1058 2401 0.2678736000
2401 1058 0.2678736000
1058 2463 0.2925286047
2463 1058 0.2925286047
1058 2466 0.2856118488
2466 1058 0.2856118488
1058 2492 0.1939221504
2492 1058 0.1939221504
1058 2496 0.1178656302
2496 1058 0.1178656302
1058 2601 0.1006106201
2601 1058 0.1006106201
1058 2606 0.1442921298
2606 1058 0.1442921298
1058 2608 0.2241490165
2608 1058 0.2241490165
1058 2653 0.2051971174
2653 1058 0.2051971174
1058 2677 0.2005197363
2677 1058 0.2005197363
1058 2687 0.1603684531
2687 1058 0.1603684531
1058 2886 0.2305118151
2886 1058 0.2305118151
1058 2976 0.1787949534
2976 1058 0.1787949534
1058 3000 0.1295269405
3000 1058 0.1295269405
1058 3012 0.1073513126
3012 1058 0.1073513126
1058 3044 0.2579240631
3044 1058 0.2579240631
1058 3187 0.1879421074
3187 1058 0.1879421074
1058 3217 0.2076432349
3217 1058 0.2076432349
1058 3218 0.1506569702
3218 1058 0.1506569702
1058 3238 0.2475341259
3238 1058 0.2475341259
1058 3288 0.1286523748
3288 1058 0.1286523748
1058 3333 0.1978818460
3333 1058 0.1978818460
1058 3334 0.2792490503
3334 1058 0.2792490503
1058 3394 0.2923579060
3394 1058 0.2923579060
1058 3412 0.2182579852
3412 1058 0.2182579852
1058 3413 0.1770853705
3413 1058 0.1770853705
1058 3445 0.1447957817
3445 1058 0.1447957817
1058 3447 0.1045860757
3447 1058 0.1045860757
106 1010 0.1859395585
1010 106 0.1859395585
106 1018 0.1768931393
1018 106 0.1768931393
106 1036 0.2832508007
1036 106 0.2832508007
106 1052 0.1245303177
1052 106 0.1245303177
106 1067 0.1137094967
1067 106 0.1137094967
106 1104 0.1000223666
1104 106 0.1000223666
106 1142 0.1151566502
1142 106 0.1151566502
106 1149 0.1169517108
1149 106 0.1169517108
106 1172 0.1099800683
1172 106 0.1099800683
106 1176 0.1500301446
1176 106 0.1500301446
106 1194 0.1145414095
1194 106 0.1145414095
106 1224 0.1198166238
1224 106 0.1198166238
106 1267 0.1318868321
1267 106 0.1318868321
106 1277 0.1099800683
1277 106 0.1099800683
106 1297 0.1069241909
1297 106 0.1069241909
106 1300 0.1413663767
1300 106 0.1413663767
106 1302 0.1294812066
1302 106 0.1294812066
106 133 0.2691023135
133 106 0.2691023135
106 1333 0.1385074567
1333 106 0.1385074567
106 134 0.2212852286
134 106 0.2212852286
106 1364 0.1413663767
1364 106 0.1413663767
106 1389 0.1284481470
1389 106 0.1284481470
106 1410 0.1534316592
1410 106 0.1534316592
106 1418 0.1476505817
1418 106 0.1476505817
106 1422 0.1534316592
1422 106 0.1534316592
106 1426 0.1403026393
1426 106 0.1403026393
106 143 0.1921925064
143 106 0.1921925064
106 1438 0.1035253356
1438 106 0.1035253356
106 1445 0.1046047839
1445 106 0.1046047839
106 1454 0.1035253356
1454 106 0.1035253356
106 1497 0.2183600816
1497 106 0.2183600816
106 1523 0.1256324358
1523 106 0.1256324358
106 1572 0.2000341791
1572 106 0.2000341791
106 1580 0.1447687510
1580 106 0.1447687510
106 1597 0.1169517108
1597 106 0.1169517108
106 1606 0.1223974702
1606 106 0.1223974702
106 1607 0.1016185645
1607 106 0.1016185645
106 1611 0.1662701842
1611 106 0.1662701842
106 1617 0.1352872078
1617 106 0.1352872078
106 1619 0.1199574647
1619 106 0.1199574647
106 1653 0.1035253356
1653 106 0.1035253356
106 1661 0.1826708073
1661 106 0.1826708073
106 1684 0.1016243259
1684 106 0.1016243259
106 1695 0.1179500161
1695 106 0.1179500161
106 1701 0.1169517108
1701 106 0.1169517108
106 1719 0.2550684488
1719 106 0.2550684488
106 1781 0.1308996550
1781 106 0.1308996550
106 1826 0.1245303177
1826 106 0.1245303177
106 1831 0.1145414095
1831 106 0.1145414095
106 1904 0.1627353947
1904 106 0.1627353947
106 1921 0.1067515909
1921 106 0.1067515909
106 1932 0.1090791232
1932 106 0.1090791232
106 1975 0.1262703114
1975 106 0.1262703114
106 2000 0.1812979172
2000 106 0.1812979172
106 2021 0.1000223666
2021 106 0.1000223666
106 2075 0.1169517108
2075 106 0.1169517108
106 2082 0.1245303177
2082 106 0.1245303177
106 2096 0.1456582760
2096 106 0.1456582760
106 2134 0.1534316592
2134 106 0.1534316592
106 2173 0.1169517108
2173 106 0.1169517108
106 2176 0.1099800683
2176 106 0.1099800683
106 2194 0.1122133287
2194 106 0.1122133287
106 2201 0.1140749496
2201 106 0.1140749496
106 2202 0.1000223666
2202 106 0.1000223666
106 2221 0.1561541564
2221 106 0.1561541564
106 2249 0.1368874718
2249 106 0.1368874718
106 227 0.1812979172
227 106 0.1812979172
106 2275 0.1812979172
2275 106 0.1812979172
106 2330 0.1245303177
2330 106 0.1245303177
106 2358 0.1812979172
2358 106 0.1812979172
106 2375 0.2477478867
2375 106 0.2477478867
106 2416 0.1169517108
2416 106 0.1169517108
106 2421 0.1937464084
2421 106 0.1937464084
106 2422 0.1145414095
2422 106 0.1145414095
106 2425 0.1325315734
2425 106 0.1325315734
106 2496 0.1178676284
2496 106 0.1178676284
106 2527 0.1046047839
2527 106 0.1046047839
106 2588 0.1046047839
2588 106 0.1046047839
106 2607 0.1199574647
2607 106 0.1199574647
106 2625 0.1245303177
2625 106 0.1245303177
106 2632 0.1169517108
2632 106 0.1169517108
106 2648 0.1002793611
2648 106 0.1002793611
106 2665 0.1549100777
2665 106 0.1549100777
106 2684 0.1015813534
2684 106 0.1015813534
106 2737 0.2740577134
2737 106 0.2740577134
106 2740 0.2014096965
2740 106 0.2014096965
106 2754 0.1020568806
2754 106 0.1020568806
106 2786 0.1142659456
2786 106 0.1142659456
106 2798 0.1812403214
2798 106 0.1812403214
106 2824 0.1702295382
2824 106 0.1702295382
106 2851 0.2506789196
2851 106 0.2506789196
106 2866 0.2443430216
2866 106 0.2443430216
106 2894 0.2506789196
2894 106 0.2506789196
106 2936 0.1046047839
2936 106 0.1046047839
106 2961 0.1320015794
2961 106 0.1320015794
106 2963 0.1245303177
2963 106 0.1245303177
106 3005 0.1427380599
3005 106 0.1427380599
106 3027 0.1534316592
3027 106 0.1534316592
106 306 0.1245303177
306 106 0.1245303177
106 3115 0.1245303177
3115 106 0.1245303177
106 317 0.1372118390
317 106 0.1372118390
106 318 0.1099800683
318 106 0.1099800683
106 3187 0.1896746568
3187 106 0.1896746568
106 3230 0.1084004629
3230 106 0.1084004629
