10 1015 0.2760098928
1015 10 0.2760098928
10 1024 0.2131485899
1024 10 0.2131485899
10 1027 0.2685849860
1027 10 0.2685849860
10 1028 0.2468989061
1028 10 0.2468989061
10 1029 0.1284852709
1029 10 0.1284852709
10 1032 0.1081497510
1032 10 0.1081497510
10 1040 0.3940152726
1040 10 0.3940152726
10 1050 0.2525299452
1050 10 0.2525299452
10 124 0.1519652184
124 10 0.1519652184
10 140 0.3216844433
140 10 0.3216844433
10 147 0.1528198618
147 10 0.1528198618
10 16 0.1757761855
16 10 0.1757761855
10 171 0.3034719811
171 10 0.3034719811
10 183 0.2254853397
183 10 0.2254853397
10 196 0.1265096833
196 10 0.1265096833
10 197 0.1600449559
197 10 0.1600449559
10 199 0.3034719811
199 10 0.3034719811
10 26 0.1115761802
26 10 0.1115761802
10 269 0.1916975894
269 10 0.1916975894
10 300 0.2841784740
300 10 0.2841784740
10 310 0.2885913159
310 10 0.2885913159
10 362 0.2266267509
362 10 0.2266267509
10 381 0.1317374021
381 10 0.1317374021
10 403 0.1865686976
403 10 0.1865686976
10 405 0.2391199090
405 10 0.2391199090
10 409 0.1205904218
409 10 0.1205904218
10 410 0.1511194317
410 10 0.1511194317
10 412 0.1516930190
412 10 0.1516930190
10 424 0.2156399614
424 10 0.2156399614
10 43 0.1572327038
43 10 0.1572327038
10 436 0.2365932538
436 10 0.2365932538
10 442 0.2799920335
442 10 0.2799920335
10 45 0.1149986143
45 10 0.1149986143
10 450 0.1216013116
450 10 0.1216013116
10 463 0.1160862337
463 10 0.1160862337
10 484 0.1454149801
484 10 0.1454149801
10 492 0.2156399614
492 10 0.2156399614
10 502 0.2885913159
502 10 0.2885913159
10 524 0.1915491773
524 10 0.1915491773
10 532 0.2932564539
532 10 0.2932564539
10 557 0.2585784671
557 10 0.2585784671
10 57 0.2525299452
57 10 0.2525299452
10 598 0.1545701658
598 10 0.1545701658
10 610 0.1494537066
610 10 0.1494537066
10 621 0.2982044958
621 10 0.2982044958
10 633 0.3151515421
633 10 0.3151515421
10 634 0.1699654109
634 10 0.1699654109
10 662 0.1310765265
662 10 0.1310765265
10 67 0.1478212983
67 10 0.1478212983
10 671 0.1863436904
671 10 0.1863436904
10 694 0.2138057787
694 10 0.2138057787
10 717 0.2068553947
717 10 0.2068553947
10 727 0.2214036045
727 10 0.2214036045
10 741 0.1741887659
741 10 0.1741887659
10 764 0.2175163129
764 10 0.2175163129
10 781 0.2932564539
781 10 0.2932564539
10 782 0.3134243640
782 10 0.3134243640
10 784 0.1022462374
784 10 0.1022462374
10 795 0.2052064963
795 10 0.2052064963
10 811 0.1658319862
811 10 0.1658319862
10 813 0.2112198752
813 10 0.2112198752
10 825 0.1331064862
825 10 0.1331064862
10 869 0.2722130364
869 10 0.2722130364
10 920 0.1777444080
920 10 0.1777444080
10 936 0.2435609942
936 10 0.2435609942
10 960 0.1528198618
960 10 0.1528198618
10 962 0.2885913159
962 10 0.2885913159
10 983 0.1296822312
983 10 0.1296822312
10 990 0.3034719811
990 10 0.3034719811
10 994 0.1668458836
994 10 0.1668458836
1002 1024 0.1106287728
1024 1002 0.1106287728
1002 1032 0.1150487051
1032 1002 0.1150487051
1002 1035 0.1133923359
1035 1002 0.1133923359
1002 1050 0.1959568703
1050 1002 0.1959568703
1002 1055 0.1235372290
1055 1002 0.1235372290
1002 1068 0.2156399614
1068 1002 0.2156399614
1002 1071 0.2508762180
1071 1002 0.2508762180
1002 1076 0.2320182410
1076 1002 0.2320182410
1002 1078 0.2722130364
1078 1002 0.2722130364
1002 1081 0.1632735396
1081 1002 0.1632735396
1003 1009 0.2154306645
1009 1003 0.2154306645
1003 1025 0.1692770372
1025 1003 0.1692770372
1003 1029 0.1440787589
1029 1003 0.1440787589
1003 1033 0.3246965082
1033 1003 0.3246965082
1003 1039 0.1814254741
1039 1003 0.1814254741
1003 1069 0.2086862856
1069 1003 0.2086862856
1004 1019 0.2566897089
1019 1004 0.2566897089
1004 1023 0.1728585228
1023 1004 0.1728585228
1004 1025 0.1217819421
1025 1004 0.1217819421
1004 1026 0.2323272038
1026 1004 0.2323272038
1004 1027 0.2366833789
1027 1004 0.2366833789
1004 1035 0.1380638038
1035 1004 0.1380638038
1004 1037 0.1640552632
1037 1004 0.1640552632
1004 1042 0.1082141904
1042 1004 0.1082141904
1004 1045 0.1783550171
1045 1004 0.1783550171
1004 1055 0.1482086969
1055 1004 0.1482086969
1004 1056 0.2566897089
1056 1004 0.2566897089
1004 1068 0.2403114293
1068 1004 0.2403114293
1004 1069 0.2308226104
1069 1004 0.2308226104
1004 1075 0.2581965405
1075 1004 0.2581965405
1004 1078 0.2968845043
1078 1004 0.2968845043
1004 1079 0.1203386368
1079 1004 0.1203386368
1005 1008 0.3091030202
1008 1005 0.3091030202
1005 1012 0.1741887659
1012 1005 0.1741887659
1005 1019 0.2885913159
1019 1005 0.2885913159
1005 1024 0.1043701630
1024 1005 0.1043701630
1005 1042 0.1401157975
1042 1005 0.1401157975
1005 1081 0.1155402940
1081 1005 0.1155402940
1005 1082 0.3216844433
1082 1005 0.3216844433
1006 1009 0.1841759838
1009 1006 0.1841759838
1006 1029 0.1815847282
1029 1006 0.1815847282
1006 1075 0.1364843142
1075 1006 0.1364843142
1006 1079 0.2104368333
1079 1006 0.2104368333
1007 1010 0.2189046999
1010 1007 0.2189046999
1007 1011 0.2054884918
1011 1007 0.2054884918
1007 1013 0.1096101444
1013 1007 0.1096101444
1007 1027 0.1743957139
1027 1007 0.1743957139
1007 1029 0.1043928394
1029 1007 0.1043928394
1007 1030 0.1156586663
1030 1007 0.1156586663
1007 1032 0.1422478944
1032 1007 0.1422478944
1007 1035 0.1172303654
1035 1007 0.1172303654
1007 1039 0.1124718715
1039 1007 0.1124718715
1007 1040 0.1156586663
1040 1007 0.1156586663
1007 1045 0.1636145393
1045 1007 0.1636145393
1007 1055 0.1057260766
1055 1007 0.1057260766
1007 1065 0.1332007618
1065 1007 0.1332007618
1007 1067 0.1292932355
1067 1007 0.1292932355
1007 1082 0.1221915675
1082 1007 0.1221915675
1008 1024 0.1448881972
1024 1008 0.1448881972
1008 1032 0.2245268442
1032 1008 0.2245268442
1008 1034 0.3387225300
1034 1008 0.3387225300
1008 1042 0.1806338317
1042 1008 0.1806338317
1008 1075 0.1231484396
1075 1008 0.1231484396
1009 1010 0.1715945607
1010 1009 0.1715945607
1009 1019 0.1510828564
1019 1009 0.1510828564
1009 1024 0.1130734927
1024 1009 0.1130734927
1009 1027 0.1310765265
1027 1009 0.1310765265
1009 1029 0.1607196080
1029 1009 0.1607196080
1009 1031 0.1231481274
1031 1009 0.1231481274
1009 1032 0.1389411955
1032 1009 0.1389411955
1009 1033 0.1715945607
1033 1009 0.1715945607
1009 1034 0.1606960362
1034 1009 0.1606960362
1009 1037 0.2748078029
1037 1009 0.2748078029
1009 1040 0.1776430825
1040 1009 0.1776430825
1009 1042 0.1013623141
1042 1009 0.1013623141
1009 1046 0.1557479944
1046 1009 0.1557479944
1009 1057 0.2250530101
1057 1009 0.2250530101
1009 1073 0.1912776518
1073 1009 0.1912776518
1009 1085 0.1347045768
1085 1009 0.1347045768
101 1019 0.3351578720
1019 101 0.3351578720
101 1079 0.1354257983
1079 101 0.1354257983
101 117 0.5883537617
117 101 0.5883537617
101 147 0.1993864179
147 101 0.1993864179
101 174 0.5286279427
174 101 0.5286279427
101 190 0.3151515421
190 101 0.3151515421
101 194 0.3682509994
194 101 0.3682509994
101 197 0.1025946862
197 101 0.1025946862
101 215 0.3500385372
215 101 0.3500385372
101 255 0.2396593537
255 101 0.2396593537
101 340 0.3307450300
340 101 0.3307450300
101 348 0.3934558043
348 101 0.3934558043
101 362 0.2037992598
362 101 0.2037992598
101 389 0.3028177991
389 101 0.3028177991
101 418 0.2585784671
418 101 0.2585784671
101 436 0.2117992542
436 101 0.2117992542
101 462 0.1272897958
462 101 0.1272897958
101 469 0.3649096953
469 101 0.3649096953
101 563 0.5163389681
563 101 0.5163389681
101 585 0.2679701605
585 101 0.2679701605
101 629 0.1204978125
629 101 0.1204978125
101 639 0.3020647446
639 101 0.3020647446
101 689 0.1816910705
689 101 0.1816910705
101 782 0.2856864650
782 101 0.2856864650
101 792 0.3447710518
792 101 0.3447710518
101 799 0.1604906052
799 101 0.1604906052
101 810 0.2171604655
810 101 0.2171604655
101 828 0.2952902760
828 101 0.2952902760
101 844 0.3682509994
844 101 0.3682509994
101 924 0.2660033739
924 101 0.2660033739
101 960 0.1993864179
960 101 0.1993864179
101 961 0.2517730524
961 101 0.2517730524
101 976 0.3265585896
976 101 0.3265585896
101 977 0.2603723348
977 101 0.2603723348
101 994 0.2134124397
994 101 0.2134124397
1010 1035 0.2104834451
1035 1010 0.2104834451
1010 1039 0.2063500204
1039 1010 0.2063500204
1010 1040 0.3556695763
1040 1010 0.3556695763
1011 1012 0.1077612968
1012 1011 0.1077612968
1011 1026 0.1945122716
1026 1011 0.1945122716
1011 1029 0.1284852709
1029 1011 0.1284852709
1011 1032 0.1081497510
1032 1011 0.1081497510
1011 1034 0.3760519880
1034 1011 0.3760519880
1011 1035 0.1699654109
1035 1011 0.1699654109
1011 1042 0.1401157975
1042 1011 0.1401157975
1011 1069 0.1930927977
1069 1011 0.1930927977
1011 1081 0.1155402940
1081 1011 0.1155402940
1012 1025 0.1430031701
1025 1012 0.1430031701
1012 1029 0.1503630465
1029 1012 0.1503630465
1012 1031 0.2015467824
1031 1012 0.2015467824
1012 1033 0.1482793310
1033 1012 0.1482793310
1012 1037 0.1916691924
1037 1012 0.1916691924
1012 1039 0.1332287692
1039 1012 0.1332287692
1012 1042 0.1042316704
1042 1012 0.1042316704
1012 1043 0.1780343741
1043 1012 0.1780343741
1012 1045 0.1833211694
1045 1012 0.1833211694
1012 1056 0.1277676267
1056 1012 0.1277676267
1012 1068 0.1113893472
1068 1012 0.1113893472
1012 1076 0.1277676267
1076 1012 0.1277676267
1012 1078 0.1679624221
1078 1012 0.1679624221
1012 1081 0.1349739649
1081 1012 0.1349739649
1012 1085 0.1780343741
1085 1012 0.1780343741
1013 1024 0.1448881972
1024 1013 0.1448881972
1013 1025 0.1942015834
1025 1013 0.1942015834
1013 1030 0.3556695763
1030 1013 0.3556695763
1013 1031 0.1657053000
1031 1013 0.1657053000
1013 1065 0.3091030202
1065 1013 0.3091030202
1013 1075 0.1231484396
1075 1013 0.1231484396
1013 1079 0.1293772764
1079 1013 0.1293772764
1015 1029 0.1359101777
1029 1015 0.1359101777
1015 1048 0.3362110182
1048 1015 0.3362110182
1015 1062 0.2888790514
1062 1015 0.2888790514
1015 1063 0.3419199096
1063 1015 0.3419199096
1016 1029 0.2173614833
1029 1016 0.2173614833
1016 1038 0.3247325221
1038 1016 0.3247325221
1016 1059 0.2936423796
1059 1016 0.2936423796
1016 1062 0.4143289055
1062 1016 0.4143289055
1016 1063 0.3552557841
1063 1016 0.3552557841
1018 1038 0.2544534678
1038 1018 0.2544534678
1018 1052 0.3398230100
1052 1018 0.3398230100
1018 1059 0.2251221903
1059 1018 0.2251221903
1018 1063 0.2832499350
1063 1018 0.2832499350
1019 1023 0.1761635070
1023 1019 0.1761635070
1019 1031 0.1439636009
1031 1019 0.1439636009
1019 1039 0.1858383161
1039 1019 0.1858383161
1019 1075 0.1014067405
1075 1019 0.1014067405
1019 1085 0.2922193663
1085 1019 0.2922193663
102 1012 0.1608607541
1012 102 0.1608607541
102 1023 0.1037945194
1023 102 0.1037945194
102 1045 0.2633560815
1045 102 0.2633560815
102 105 0.2285446234
105 102 0.2285446234
102 1075 0.1364843142
1075 102 0.1364843142
102 109 0.1070546457
109 102 0.1070546457
102 202 0.2583059537
202 102 0.2583059537
102 214 0.1333986659
214 102 0.1333986659
102 223 0.2520245709
223 102 0.2520245709
102 244 0.2505269565
244 102 0.2505269565
102 247 0.2149972991
247 102 0.2149972991
102 250 0.2348941790
250 102 0.2348941790
102 264 0.1179897290
264 102 0.1179897290
102 270 0.2332097613
270 102 0.2332097613
102 282 0.3291093502
282 102 0.3291093502
102 381 0.2558862038
381 102 0.2558862038
102 386 0.2922193663
386 102 0.2922193663
102 463 0.2392965052
463 102 0.2392965052
102 595 0.2179299868
595 102 0.2179299868
102 620 0.2535501797
620 102 0.2535501797
102 628 0.1313057898
628 102 0.1313057898
102 637 0.1815847282
637 102 0.1815847282
102 641 0.2268778743
641 102 0.2268778743
102 663 0.2179299868
663 102 0.2179299868
102 679 0.2828814572
679 102 0.2828814572
102 689 0.2594764261
689 102 0.2594764261
102 692 0.3216844433
692 102 0.3216844433
102 693 0.2490563276
693 102 0.2490563276
102 751 0.3818855687
751 102 0.3818855687
102 796 0.1742707904
796 102 0.1742707904
102 803 0.3116779244
803 102 0.3116779244
102 810 0.1510974698
810 102 0.1510974698
102 815 0.2785847970
815 102 0.2785847970
102 839 0.3372779313
839 102 0.3372779313
102 887 0.2091979776
887 102 0.2091979776
102 961 0.3337609096
961 102 0.3337609096
102 970 0.1993203574
970 102 0.1993203574
102 971 0.1884963088
971 102 0.1884963088
102 972 0.1719715484
972 102 0.1719715484
102 993 0.2765184159
993 102 0.2765184159
1023 1036 0.1976066964
1036 1023 0.1976066964
1023 1037 0.1627330188
1037 1023 0.1627330188
1023 1056 0.1349065451
1056 1023 0.1349065451
1023 1065 0.1541865904
1065 1023 0.1541865904
1023 1068 0.2349163934
1068 1023 0.2349163934
1023 1069 0.1226760403
1069 1023 0.1226760403
1023 1074 0.1100186105
1074 1023 0.1100186105
1023 1080 0.1361459565
1080 1023 0.1361459565
1023 1084 0.1649134961
1084 1023 0.1649134961
1023 1085 0.1175461336
1085 1023 0.1175461336
1024 1027 0.1705942810
1027 1024 0.1705942810
1024 1030 0.2199532242
1030 1024 0.2199532242
1024 1031 0.1713536554
1031 1024 0.1713536554
1024 1043 0.1744398892
1043 1024 0.1744398892
1024 1046 0.1290416309
1046 1024 0.1290416309
1024 1050 0.1535764916
1050 1024 0.1535764916
1024 1056 0.1243764929
1056 1024 0.1243764929
1024 1057 0.1290416309
1057 1024 0.1290416309
1024 1066 0.1243764929
1066 1024 0.1243764929
1024 1075 0.1253076727
1075 1024 0.1253076727
1024 1082 0.1574696203
1082 1024 0.1574696203
1024 1085 0.1079982133
1085 1024 0.1079982133
1025 1026 0.1443502471
1026 1025 0.1443502471
1025 1027 0.1536835492
1027 1025 0.1536835492
1025 1031 0.1060924572
1031 1025 0.1060924572
1025 1037 0.1458814719
1037 1025 0.1458814719
1025 1039 0.1139501338
1039 1025 0.1139501338
1025 1043 0.2267103777
1043 1025 0.2267103777
1025 1056 0.1736898791
1056 1025 0.1736898791
1025 1068 0.1573115996
1068 1025 0.1573115996
1025 1074 0.1502099316
1074 1025 0.1502099316
1025 1079 0.1407854444
1079 1025 0.1407854444
1025 1085 0.1573115996
1085 1025 0.1573115996
1026 1037 0.1218841559
1037 1026 0.1218841559
1026 1043 0.2699874152
1043 1026 0.2699874152
1026 1056 0.2145186015
1056 1026 0.2145186015
1026 1075 0.1068882710
1075 1026 0.1068882710
1026 1078 0.2547133970
1078 1026 0.2547133970
1026 1079 0.1147411317
1079 1026 0.1147411317
1026 1081 0.1039197122
1081 1026 0.1039197122
1027 1045 0.2102566241
1045 1027 0.2102566241
1027 1050 0.2525299452
1050 1027 0.2525299452
1027 1068 0.2722130364
1068 1027 0.2722130364
1027 1081 0.1155402940
1081 1027 0.1155402940
1028 1032 0.1246119115
1032 1028 0.1246119115
1028 1042 0.1854969240
1042 1028 0.1854969240
1028 1053 0.2934654622
1053 1028 0.2934654622
1028 1074 0.2434252885
1074 1028 0.2434252885
1028 1078 0.3071000315
1078 1028 0.3071000315
1028 1082 0.2999983635
1082 1028 0.2999983635
1029 1037 0.2367131998
1037 1029 0.2367131998
1029 1039 0.1267650105
1039 1029 0.1267650105
1029 1043 0.2765500439
1043 1029 0.2765500439
1029 1045 0.1755653935
1045 1029 0.1755653935
1029 1046 0.1531567388
1046 1029 0.1531567388
1029 1066 0.1484916008
1066 1029 0.1484916008
103 1026 0.2241317814
1026 103 0.2241317814
103 1028 0.2765184159
1028 103 0.2765184159
103 105 0.2050646758
105 103 0.2050646758
103 107 0.1869880638
107 103 0.1869880638
103 1074 0.2947308782
1074 103 0.2947308782
103 1079 0.1184787520
1079 103 0.1184787520
103 113 0.3228759637
113 103 0.3228759637
103 148 0.3330914909
148 103 0.3330914909
103 180 0.2227123074
180 103 0.2227123074
103 191 0.2857634606
191 103 0.2857634606
103 197 0.1507490523
197 103 0.1507490523
103 202 0.4215601782
202 103 0.4215601782
103 207 0.1749226712
207 103 0.1749226712
103 211 0.1138918733
211 103 0.1138918733
103 222 0.1052981707
222 103 0.1052981707
103 225 0.2687394188
225 103 0.2687394188
103 237 0.1280428975
237 103 0.1280428975
103 252 0.1806964901
252 103 0.1806964901
103 260 0.3387225300
260 103 0.3387225300
103 321 0.1833030590
321 103 0.1833030590
103 328 0.3096115433
328 103 0.3096115433
103 346 0.3513039531
346 103 0.3513039531
103 356 0.3137979838
356 103 0.3137979838
103 362 0.1868522135
362 103 0.1868522135
103 403 0.1490603676
403 103 0.1490603676
103 409 0.1502099316
409 103 0.1502099316
103 410 0.1807389414
410 103 0.1807389414
103 436 0.1262969979
436 103 0.1262969979
103 438 0.1964653934
438 103 0.1964653934
103 448 0.1153984734
448 103 0.1153984734
103 462 0.1496535690
462 103 0.1496535690
103 471 0.2792853824
471 103 0.2792853824
103 497 0.2851176983
497 103 0.2851176983
103 538 0.3096115433
538 103 0.3096115433
103 567 0.2185962574
567 103 0.2185962574
103 622 0.1245876643
622 103 0.1245876643
103 634 0.1995849207
634 103 0.1995849207
103 662 0.1606960362
662 103 0.1606960362
103 676 0.1338704615
676 103 0.1338704615
103 719 0.3447710518
719 103 0.3447710518
103 810 0.2231703596
810 103 0.2231703596
103 851 0.3513039531
851 103 0.3513039531
103 926 0.1468087021
926 103 0.1468087021
103 936 0.2028284347
936 103 0.2028284347
103 940 0.2792853824
940 103 0.2792853824
1030 1040 0.3617180981
1040 1030 0.3617180981
1030 1079 0.2035121832
1079 1030 0.2035121832
1031 1037 0.2574608585
1037 1031 0.2574608585
1031 1040 0.1058062885
1040 1031 0.1058062885
1031 1043 0.1984700554
1043 1031 0.1984700554
1031 1045 0.2444668243
1045 1031 0.2444668243
1031 1048 0.1194408578
1048 1031 0.1194408578
1031 1067 0.1194408578
1067 1031 0.1194408578
1031 1069 0.1092555374
1069 1031 0.1092555374
1031 1076 0.1439636009
1076 1031 0.1439636009
1031 1080 0.1457807688
1080 1031 0.1457807688
1031 1082 0.1123391898
1082 1031 0.1123391898
1032 1042 0.2000990705
1042 1032 0.2000990705
1032 1067 0.1719608674
1067 1032 0.1719608674
1032 1070 0.1343006560
1070 1032 0.1343006560
1032 1073 0.2467211337
1073 1032 0.2467211337
1032 1074 0.1044678362
1074 1032 0.1044678362
1032 1078 0.1056594374
1078 1032 0.1056594374
1032 1081 0.1095679162
1081 1032 0.1095679162
1032 1084 0.1058090214
1084 1032 0.1058090214
1033 1035 0.2104834451
1035 1033 0.2104834451
1033 1055 0.2206283382
1055 1033 0.2206283382
1033 1057 0.3337744881
1057 1033 0.3337744881
1033 1069 0.2336108319
1069 1033 0.2336108319
1034 1042 0.2398790794
1042 1034 0.2398790794
1034 1074 0.2947308782
1074 1034 0.2947308782
1034 1079 0.1184787520
1079 1034 0.1184787520
1035 1036 0.1813724584
1036 1035 0.1813724584
1035 1039 0.1723308679
1039 1035 0.1723308679
1035 1042 0.1989944723
1042 1035 0.1989944723
1035 1045 0.1116370490
1045 1035 0.1116370490
1035 1046 0.1946368788
1046 1035 0.1946368788
1035 1050 0.1539103701
1050 1035 0.1539103701
1035 1072 0.2301665362
1072 1035 0.2301665362
1036 1080 0.2368923872
1080 1036 0.2368923872
1037 1045 0.3096641772
1045 1037 0.3096641772
1037 1046 0.2206283382
1046 1037 0.2206283382
1037 1055 0.1074821883
1055 1037 0.1074821883
1037 1070 0.2206283382
1070 1037 0.2206283382
1037 1080 0.2219888932
1080 1037 0.2219888932
1038 1052 0.2763485559
1052 1038 0.2763485559
1038 1062 0.3466262645
1062 1038 0.3466262645
1038 1063 0.3753962740
1063 1038 0.3753962740
1039 1040 0.2123985422
1040 1039 0.2123985422
1039 1045 0.1075036243
1045 1039 0.1075036243
1039 1067 0.2260331115
1067 1039 0.2260331115
1039 1068 0.1694600365
1068 1039 0.1694600365
1039 1072 0.2260331115
1072 1039 0.2260331115
1039 1081 0.1125449772
1081 1039 0.1125449772
1039 1084 0.1946118667
1084 1039 0.1946118667
104 1016 0.3870683687
1016 104 0.3870683687
104 1029 0.1484916008
1029 104 0.1484916008
104 105 0.2671373524
105 104 0.2671373524
104 1059 0.2936423796
1059 104 0.2936423796
104 1062 0.3852841968
1062 104 0.3852841968
104 1063 0.2785847970
1063 104 0.2785847970
104 118 0.3247325221
118 104 0.3247325221
104 133 0.2050646758
133 104 0.2050646758
104 167 0.2785847970
167 104 0.2785847970
104 172 0.4028413605
172 104 0.4028413605
104 230 0.2999983635
230 104 0.2999983635
104 239 0.2873478266
239 104 0.2873478266
104 287 0.2669052361
287 104 0.2669052361
104 306 0.3182108257
306 104 0.3182108257
104 311 0.2591106245
311 104 0.2591106245
104 332 0.3428758523
332 104 0.3428758523
104 426 0.2669052361
426 104 0.2669052361
104 448 0.3145655084
448 104 0.3145655084
104 482 0.2127551970
482 104 0.2127551970
104 508 0.3182108257
508 104 0.3182108257
104 587 0.2922193663
587 104 0.2922193663
104 633 0.3351578720
633 104 0.3351578720
104 639 0.3519907951
639 104 0.3519907951
104 675 0.2725362752
675 104 0.2725362752
104 679 0.2497883298
679 104 0.2497883298
104 689 0.2689091050
689 104 0.2689091050
104 698 0.2320182410
698 104 0.2320182410
104 699 0.2960162228
699 104 0.2960162228
104 730 0.3346303837
730 104 0.3346303837
104 886 0.2375226428
886 104 0.2375226428
104 887 0.2974323753
887 104 0.2974323753
104 891 0.2999983635
891 104 0.2999983635
104 896 0.3416907733
896 104 0.3416907733
104 904 0.2979397409
904 104 0.2979397409
104 920 0.1977507380
920 104 0.1977507380
104 989 0.1264717723
989 104 0.1264717723
104 990 0.3234783110
990 104 0.3234783110
1040 1059 0.2470172784
1059 1040 0.2470172784
1040 1069 0.2396593537
1069 1040 0.2396593537
1040 1079 0.1354257983
1079 1040 0.1354257983
1040 1084 0.2763485559
1084 1040 0.2763485559
1042 1046 0.1647872654
1046 1042 0.1647872654
1042 1069 0.1694870738
1069 1042 0.1694870738
1042 1074 0.2485993411
1074 1042 0.2485993411
1042 1078 0.2003169228
1078 1042 0.2003169228
1042 1081 0.1363390224
1081 1042 0.1363390224
1042 1085 0.1437438479
1085 1042 0.1437438479
1043 1045 0.2138846745
1045 1043 0.2138846745
1043 1046 0.2968845043
1046 1043 0.2968845043
1043 1075 0.1234543829
1075 1043 0.1234543829
1043 1079 0.2318684668
1079 1043 0.2318684668
1043 1081 0.1191683443
1081 1043 0.1191683443
1045 1065 0.2102566241
1065 1045 0.2102566241
1045 1069 0.1347644358
1069 1045 0.1347644358
1045 1076 0.2302629541
1076 1045 0.2302629541
1045 1080 0.2371461391
1080 1045 0.2371461391
1046 1065 0.2932564539
1065 1046 0.2932564539
1046 1075 0.1063516259
1075 1046 0.1063516259
1046 1079 0.1135307101
1079 1046 0.1135307101
1046 1084 0.2544534678
1084 1046 0.2544534678
1048 1063 0.3187795924
1063 1048 0.3187795924
105 1015 0.1828700728
1015 105 0.1828700728
105 1016 0.1954514959
1016 105 0.1954514959
105 1018 0.2001166339
1018 105 0.2001166339
105 1025 0.2773314293
1025 105 0.2773314293
105 1026 0.2418872078
1026 105 0.2418872078
105 1030 0.3423776259
1030 105 0.3423776259
105 1038 0.1366421799
1038 105 0.1366421799
105 1043 0.1790732164
1043 105 0.1790732164
105 1045 0.1171168041
1045 105 0.1171168041
105 1048 0.2356462914
1048 105 0.2356462914
105 1052 0.2220117221
1052 105 0.2220117221
105 1059 0.1073109024
1059 105 0.1073109024
105 1062 0.1153984734
1062 105 0.1153984734
105 1080 0.1323455197
1080 105 0.1323455197
105 113 0.2001166339
113 105 0.2001166339
105 118 0.2485993411
118 105 0.2485993411
105 132 0.1719715484
132 105 0.1719715484
105 139 0.2285446234
139 105 0.2285446234
105 165 0.1623583685
165 105 0.1623583685
105 167 0.2353247678
167 105 0.2353247678
105 168 0.2387178278
168 105 0.2387178278
105 172 0.2103321611
172 105 0.2103321611
105 176 0.1954514959
176 105 0.1954514959
105 180 0.2082963200
180 105 0.2082963200
105 194 0.2285446234
194 105 0.2285446234
105 203 0.2538014778
203 105 0.2538014778
105 223 0.1057852936
223 105 0.1057852936
105 227 0.1719715484
227 105 0.1719715484
105 239 0.1013724516
239 105 0.1013724516
105 241 0.1042876792
241 105 0.1042876792
105 242 0.1828700728
242 105 0.1828700728
105 260 0.2159632002
260 105 0.2159632002
105 271 0.1388784210
271 105 0.1388784210
105 284 0.2353247678
284 105 0.2353247678
105 294 0.1137155747
294 105 0.1137155747
105 301 0.1323455197
301 105 0.1323455197
105 303 0.1484916008
303 105 0.1484916008
105 311 0.1805919077
311 105 0.1805919077
105 331 0.2773269914
331 105 0.2773269914
105 337 0.2001166339
337 105 0.2001166339
105 381 0.1008776139
381 105 0.1008776139
105 385 0.1954514959
385 105 0.1954514959
105 418 0.1188720910
418 105 0.1188720910
105 426 0.2229448360
426 105 0.2229448360
105 428 0.2220117221
428 105 0.2220117221
105 449 0.4143289055
449 105 0.4143289055
105 452 0.2220117221
452 105 0.2220117221
105 459 0.2888790514
459 105 0.2888790514
105 469 0.1028170503
469 105 0.1028170503
105 471 0.2258777251
471 105 0.2258777251
105 476 0.1654386471
476 105 0.1654386471
105 482 0.1325513334
482 105 0.1325513334
105 485 0.2351255065
485 105 0.2351255065
105 487 0.3097424491
487 105 0.3097424491
105 490 0.1719715484
490 105 0.1719715484
105 502 0.2671373524
502 105 0.2671373524
105 508 0.2050646758
508 105 0.2050646758
105 554 0.1910386540
554 105 0.1910386540
105 582 0.1910386540
582 105 0.1910386540
105 585 0.1282637845
585 105 0.1282637845
105 605 0.2048015058
605 105 0.2048015058
105 612 0.1459800890
612 105 0.1459800890
105 616 0.2159632002
616 105 0.2159632002
105 627 0.2356462914
627 105 0.2356462914
105 654 0.2103321611
654 105 0.2103321611
105 665 0.2096089615
665 105 0.2096089615
105 666 0.3177365709
666 105 0.3177365709
105 687 0.2159632002
687 105 0.2159632002
105 689 0.2387188974
689 105 0.2387188974
105 693 0.1028170503
693 105 0.1028170503
105 694 0.1206659587
694 105 0.1206659587
105 695 0.1282637845
695 105 0.1282637845
105 698 0.1188720910
698 105 0.1188720910
105 699 0.1828700728
699 105 0.1828700728
105 704 0.2285446234
704 105 0.2285446234
105 706 0.3147713541
706 105 0.3147713541
105 745 0.2001166339
745 105 0.2001166339
105 747 0.1282637845
747 105 0.1282637845
105 765 0.1137155747
765 105 0.1137155747
105 786 0.1868522135
786 105 0.1868522135
105 789 0.1344655790
789 105 0.1344655790
105 797 0.1654386471
797 105 0.1654386471
105 830 0.1805000951
830 105 0.1805000951
105 833 0.1565260526
833 105 0.1565260526
105 835 0.1302791386
835 105 0.1302791386
105 851 0.3022149260
851 105 0.3022149260
105 856 0.2050646758
856 105 0.2050646758
105 886 0.2678261394
886 105 0.2678261394
105 887 0.2247130404
887 105 0.2247130404
105 888 0.2356462914
888 105 0.2356462914
105 891 0.2580224096
891 105 0.2580224096
105 894 0.2802322073
894 105 0.2802322073
105 896 0.3022149260
896 105 0.3022149260
105 903 0.2159632002
903 105 0.2159632002
105 904 0.1703582348
904 105 0.1703582348
105 919 0.2001166339
919 105 0.2001166339
105 938 0.2159632002
938 105 0.2159632002
105 989 0.1288885150
989 105 0.1288885150
105 991 0.2356462914
991 105 0.2356462914
105 997 0.1153984734
997 105 0.1153984734
1050 1069 0.1770377569
1069 1050 0.1770377569
1050 1075 0.1748436970
1075 1050 0.1748436970
1050 1076 0.2725362752
1076 1050 0.2725362752
1050 1081 0.1654164451
1081 1050 0.1654164451
1052 1059 0.3217953032
1059 1052 0.3217953032
1052 1062 0.3787303654
1062 1052 0.3787303654
1052 1063 0.3051450232
1063 1052 0.3051450232
1055 1059 0.1119760404
1059 1055 0.1119760404
1055 1074 0.1766366864
1074 1055 0.1766366864
1055 1079 0.2048750136
1079 1055 0.2048750136
1055 1080 0.1370106577
1080 1055 0.1370106577
1055 1084 0.2097463911
1084 1055 0.2097463911
1056 1069 0.2130991276
1069 1056 0.2130991276
1056 1075 0.1014067405
1075 1056 0.1014067405
1057 1074 0.2897828363
1074 1057 0.2897828363
1059 1062 0.2087889369
1062 1059 0.2087889369
1059 1079 0.1212645090
1079 1059 0.1212645090
1059 1084 0.1616477362
1084 1059 0.1616477362
106 1005 0.1312060371
1005 106 0.1312060371
106 1007 0.1167050887
1007 106 0.1167050887
106 1008 0.1063204110
1008 106 0.1063204110
106 1011 0.1020292028
1011 106 0.1020292028
106 1012 0.1024692858
1012 106 0.1024692858
106 1019 0.1240061194
1019 106 0.1240061194
106 1028 0.1496527345
1028 106 0.1496527345
106 1032 0.1161296590
1032 106 0.1161296590
106 1034 0.1345661797
1034 106 0.1345661797
106 1056 0.1240061194
1056 106 0.1240061194
106 1078 0.1271838087
1078 106 0.1271838087
106 110 0.1196562856
110 106 0.1196562856
106 125 0.1196562856
125 106 0.1196562856
106 127 0.1127316356
127 106 0.1127316356
106 128 0.1272892502
128 106 0.1272892502
106 141 0.1240061194
141 106 0.1240061194
106 146 0.1044917397
146 106 0.1044917397
106 151 0.1102526965
151 106 0.1102526965
106 152 0.1201494684
152 106 0.1201494684
106 155 0.1910800032
155 106 0.1910800032
106 158 0.1235323774
158 106 0.1235323774
106 160 0.1127316356
160 106 0.1127316356
106 162 0.1531824789
162 106 0.1531824789
106 177 0.1020292028
177 106 0.1020292028
106 188 0.1403525026
188 106 0.1403525026
106 192 0.1129638799
192 106 0.1129638799
106 194 0.1603588589
194 106 0.1603588589
106 195 0.1087900031
195 106 0.1087900031
106 196 0.1229446556
196 106 0.1229446556
106 197 0.1670074409
197 106 0.1670074409
106 200 0.1191586206
200 106 0.1191586206
106 202 0.1685296836
202 106 0.1685296836
106 204 0.1127316356
204 106 0.1127316356
106 221 0.1359623936
221 106 0.1359623936
106 233 0.1322231845
233 106 0.1322231845
106 237 0.1141296465
237 106 0.1141296465
106 242 0.1101854492
242 106 0.1101854492
106 243 0.1289088044
243 106 0.1289088044
106 245 0.1291307648
245 106 0.1291307648
106 248 0.1082736333
248 106 0.1082736333
106 254 0.1398577660
254 106 0.1398577660
106 256 0.1837136246
256 106 0.1837136246
106 258 0.1300029134
258 106 0.1300029134
106 263 0.1003517038
263 106 0.1003517038
106 266 0.1990877127
266 106 0.1990877127
106 277 0.1077633016
277 106 0.1077633016
106 291 0.1395782248
291 106 0.1395782248
106 296 0.1291307648
296 106 0.1291307648
106 298 0.1191586206
298 106 0.1191586206
106 300 0.1191586206
300 106 0.1191586206
106 301 0.1053062822
301 106 0.1053062822
106 308 0.1063204110
308 106 0.1063204110
106 316 0.1128271089
316 106 0.1128271089
106 322 0.1401460598
322 106 0.1401460598
106 323 0.1984865689
323 106 0.1984865689
106 337 0.1291307648
337 106 0.1291307648
106 338 0.1059461626
338 106 0.1059461626
106 339 0.1101854492
339 106 0.1101854492
106 343 0.1705439676
343 106 0.1705439676
106 357 0.1128271089
357 106 0.1128271089
106 359 0.1403525026
359 106 0.1403525026
106 364 0.1835642443
364 106 0.1835642443
106 372 0.1098731948
372 106 0.1098731948
106 375 0.1020292028
375 106 0.1020292028
106 377 0.1063204110
377 106 0.1063204110
106 379 0.1345661797
379 106 0.1345661797
106 381 0.1404340398
381 106 0.1404340398
106 384 0.1101854492
384 106 0.1101854492
106 387 0.1352969597
387 106 0.1352969597
106 396 0.1008136955
396 106 0.1008136955
106 398 0.1197903843
398 106 0.1197903843
106 403 0.1038668749
403 106 0.1038668749
106 409 0.1437759653
409 106 0.1437759653
106 410 0.1012814141
410 106 0.1012814141
106 417 0.1127316356
417 106 0.1127316356
106 418 0.1087900031
418 106 0.1087900031
106 419 0.1127316356
419 106 0.1127316356
106 425 0.1063204110
425 106 0.1063204110
106 431 0.1271838087
431 106 0.1271838087
106 450 0.1472690587
450 106 0.1472690587
106 451 0.1465381887
451 106 0.1465381887
106 456 0.1192138756
456 106 0.1192138756
106 471 0.1098731948
471 106 0.1098731948
106 484 0.1266341692
484 106 0.1266341692
106 489 0.1553914191
489 106 0.1553914191
106 495 0.1131026701
495 106 0.1131026701
106 515 0.1646044486
515 106 0.1646044486
106 519 0.1531824789
519 106 0.1531824789
106 520 0.1910800032
520 106 0.1910800032
106 528 0.1403525026
528 106 0.1403525026
106 535 0.1117459207
535 106 0.1117459207
106 536 0.1389348292
536 106 0.1389348292
106 538 0.1680556453
538 106 0.1680556453
106 542 0.1465381887
542 106 0.1465381887
106 551 0.1403525026
551 106 0.1403525026
106 553 0.1990877127
553 106 0.1990877127
106 554 0.1191586206
554 106 0.1191586206
106 558 0.1098731948
558 106 0.1098731948
106 570 0.1145598235
570 106 0.1145598235
106 584 0.1191586206
584 106 0.1191586206
106 590 0.1364406559
590 106 0.1364406559
106 592 0.1240061194
592 106 0.1240061194
106 594 0.1643397647
594 106 0.1643397647
106 597 0.1154740493
597 106 0.1154740493
106 598 0.1018645572
598 106 0.1018645572
106 600 0.1224711273
600 106 0.1224711273
106 616 0.1465381887
616 106 0.1465381887
106 617 0.1509246804
617 106 0.1509246804
106 618 0.1271838087
618 106 0.1271838087
106 628 0.1413241906
628 106 0.1413241906
106 645 0.1579224161
645 106 0.1579224161
106 653 0.1271838087
653 106 0.1271838087
106 654 0.1403525026
654 106 0.1403525026
106 659 0.1403525026
659 106 0.1403525026
106 669 0.1522017569
669 106 0.1522017569
106 670 0.1173596556
670 106 0.1173596556
106 671 0.1222243196
671 106 0.1222243196
106 676 0.1381266575
676 106 0.1381266575
106 681 0.1196562856
681 106 0.1196562856
106 682 0.1937430527
682 106 0.1937430527
106 683 0.1146926863
683 106 0.1146926863
106 685 0.1388013485
685 106 0.1388013485
106 686 0.1681600281
686 106 0.1681600281
106 694 0.1423066153
694 106 0.1423066153
106 719 0.1127316356
719 106 0.1127316356
106 724 0.1063204110
724 106 0.1063204110
106 735 0.1196562856
735 106 0.1196562856
106 740 0.1101854492
740 106 0.1101854492
106 742 0.1910800032
742 106 0.1910800032
106 751 0.1681600281
751 106 0.1681600281
106 755 0.1067532146
755 106 0.1067532146
106 757 0.1196562856
757 106 0.1196562856
106 761 0.1003517038
761 106 0.1003517038
106 764 0.1152372449
764 106 0.1152372449
106 774 0.1101854492
774 106 0.1101854492
106 778 0.1128271089
778 106 0.1128271089
106 786 0.1145598235
786 106 0.1145598235
106 791 0.1145598235
791 106 0.1145598235
106 794 0.1603588589
794 106 0.1603588589
106 799 0.1348603203
799 106 0.1348603203
106 801 0.1003517038
801 106 0.1003517038
106 804 0.1098163701
804 106 0.1098163701
106 805 0.1145598235
805 106 0.1145598235
106 807 0.1405412856
807 106 0.1405412856
106 811 0.1088493605
811 106 0.1088493605
106 814 0.1837136246
814 106 0.1837136246
106 816 0.1096173048
816 106 0.1096173048
106 825 0.1227741176
825 106 0.1227741176
106 829 0.1199228715
829 106 0.1199228715
106 830 0.1192439454
830 106 0.1192439454
106 831 0.2039507908
831 106 0.2039507908
106 833 0.1528936501
833 106 0.1528936501
106 839 0.1933178585
839 106 0.1933178585
106 841 0.1164496064
841 106 0.1164496064
106 842 0.1537648048
842 106 0.1537648048
106 848 0.1910800032
848 106 0.1910800032
106 851 0.1196562856
851 106 0.1196562856
106 853 0.1196562856
853 106 0.1196562856
106 866 0.1212445875
866 106 0.1212445875
106 874 0.1465381887
874 106 0.1465381887
106 899 0.1345661797
899 106 0.1345661797
106 900 0.1681600281
900 106 0.1681600281
106 903 0.1465381887
903 106 0.1465381887
106 906 0.1603588589
906 106 0.1603588589
106 910 0.1705439676
910 106 0.1705439676
106 920 0.1343851441
920 106 0.1343851441
106 931 0.1044694678
931 106 0.1044694678
106 942 0.1271838087
942 106 0.1271838087
106 947 0.1291307648
947 106 0.1291307648
106 948 0.1063204110
948 106 0.1063204110
106 950 0.1603588589
950 106 0.1603588589
106 955 0.1196562856
955 106 0.1196562856
106 963 0.1357301639
963 106 0.1357301639
106 969 0.1487889658
969 106 0.1487889658
106 983 0.1383761671
983 106 0.1383761671
106 988 0.1139393569
988 106 0.1139393569
106 991 0.1271838087
991 106 0.1271838087
106 993 0.1029274166
993 106 0.1029274166
106 994 0.1100978977
994 106 0.1100978977
1062 1063 0.4038263212
1063 1062 0.4038263212
1065 1080 0.2254853397
1080 1065 0.2254853397
1066 1079 0.1088655721
1079 1066 0.1088655721
1066 1081 0.1355466239
1081 1066 0.1355466239
1068 1080 0.2291133901
1080 1068 0.2291133901
1068 1081 0.1191683443
1081 1068 0.1191683443
1069 1072 0.2532939230
1072 1069 0.2532939230
1069 1075 0.1364809164
1075 1069 0.1364809164
1069 1079 0.1131818422
1079 1069 0.1131818422
1069 1081 0.1727390094
1081 1069 0.1727390094
1069 1085 0.2684828218
1085 1069 0.2684828218
107 1002 0.1380178882
1002 107 0.1380178882
107 1006 0.1177833478
1006 107 0.1177833478
107 1007 0.1058863360
1007 107 0.1058863360
107 1024 0.1020834780
1024 107 0.1020834780
107 1027 0.1000881785
1027 107 0.1000881785
107 1028 0.1475830914
1028 107 0.1475830914
107 1031 0.1045376529
1031 107 0.1045376529
107 1046 0.1570327142
1046 107 0.1570327142
107 1053 0.1108586978
1053 107 0.1108586978
107 1056 0.1220650951
1056 107 0.1220650951
107 1067 0.1662190039
1067 107 0.1662190039
107 1068 0.1040735852
1068 107 0.1040735852
107 1076 0.1220650951
1076 107 0.1220650951
107 1084 0.1082185084
1084 107 0.1082185084
107 115 0.2898742907
115 107 0.2898742907
107 124 0.1099365178
124 107 0.1099365178
107 127 0.1108586978
127 107 0.1108586978
107 143 0.1253108709
143 107 0.1253108709
107 146 0.1215447430
146 107 0.1215447430
107 152 0.1013677764
152 107 0.1013677764
107 155 0.1177833478
155 107 0.1177833478
107 157 0.1108586978
157 107 0.1108586978
107 160 0.1108586978
160 107 0.1108586978
107 163 0.1612632253
163 107 0.1612632253
107 173 0.1541786620
173 107 0.1541786620
107 176 0.1964169259
176 107 0.1964169259
107 188 0.1384114784
188 107 0.1384114784
107 194 0.1177833478
194 107 0.1177833478
107 203 0.1082444250
203 107 0.1082444250
107 206 0.1935789629
206 107 0.1935789629
107 207 0.1709196540
207 107 0.1709196540
107 211 0.1197758717
211 107 0.1197758717
107 214 0.1123941483
214 107 0.1123941483
107 219 0.1326251555
219 107 0.1326251555
107 222 0.1181647389
222 107 0.1181647389
107 223 0.1222559944
223 107 0.1222559944
107 224 0.1000881785
224 107 0.1000881785
107 233 0.1107929208
233 107 0.1107929208
107 236 0.1082444250
236 107 0.1082444250
107 252 0.1434612137
252 107 0.1434612137
107 254 0.1144571924
254 107 0.1144571924
107 258 0.1132617212
258 107 0.1132617212
107 260 0.1445971645
260 107 0.1445971645
107 271 0.1621137490
271 107 0.1621137490
107 278 0.1512414546
278 107 0.1512414546
107 283 0.1095294263
283 107 0.1095294263
107 287 0.2065011698
287 107 0.2065011698
107 291 0.2293312931
291 107 0.2293312931
107 296 0.1271897406
296 107 0.1271897406
107 328 0.1420759991
328 107 0.1420759991
107 336 0.1044474732
336 107 0.1044474732
107 339 0.1082444250
339 107 0.1082444250
107 346 0.1177833478
346 107 0.1177833478
107 352 0.1365280138
352 107 0.1365280138
107 364 0.1526030690
364 107 0.1526030690
107 366 0.1044474732
366 107 0.1044474732
107 368 0.1215399635
368 107 0.1215399635
107 371 0.2134353637
371 107 0.2134353637
107 387 0.1040735852
387 107 0.1040735852
107 389 0.1154446728
389 107 0.1154446728
107 408 0.1177833478
408 107 0.1177833478
107 413 0.1177833478
413 107 0.1177833478
107 418 0.1232734506
418 107 0.1232734506
107 423 0.1253108709
423 107 0.1253108709
107 424 0.1275865029
424 107 0.1275865029
107 442 0.1420759991
442 107 0.1420759991
107 450 0.1133380897
450 107 0.1133380897
107 457 0.1621137490
457 107 0.1621137490
107 459 0.1044474732
459 107 0.1044474732
107 463 0.1175058202
463 107 0.1175058202
107 466 0.1108586978
466 107 0.1108586978
107 475 0.1177833478
475 107 0.1177833478
107 495 0.2007205039
495 107 0.2007205039
107 497 0.1903932759
497 107 0.1903932759
107 514 0.1068187011
514 107 0.1068187011
107 516 0.2105248367
516 107 0.2105248367
107 522 0.1220650951
522 107 0.1220650951
107 525 0.1311092813
525 107 0.1311092813
107 526 0.1253108709
526 107 0.1253108709
107 536 0.1008932285
536 107 0.1008932285
107 544 0.1512414546
544 107 0.1512414546
107 564 0.1567988699
564 107 0.1567988699
107 570 0.1126187993
570 107 0.1126187993
107 573 0.1057127553
573 107 0.1057127553
107 575 0.1172175964
575 107 0.1172175964
107 577 0.1785282517
577 107 0.1785282517
107 584 0.2524081055
584 107 0.2524081055
107 585 0.1177207412
585 107 0.1177207412
107 586 0.1172175964
586 107 0.1172175964
107 587 0.1040735852
587 107 0.1040735852
107 588 0.1414133471
588 107 0.1414133471
107 602 0.1171433469
602 107 0.1171433469
107 611 0.1467965519
611 107 0.1467965519
107 620 0.1493037850
620 107 0.1493037850
107 622 0.1459415827
622 107 0.1459415827
107 625 0.1108586978
625 107 0.1108586978
107 627 0.1253108709
627 107 0.1253108709
107 634 0.1225163092
634 107 0.1225163092
107 644 0.1108586978
644 107 0.1108586978
107 647 0.1414133471
647 107 0.1414133471
107 648 0.1662190039
648 107 0.1662190039
107 661 0.1199815352
661 107 0.1199815352
107 682 0.1225016302
682 107 0.1225016302
107 684 0.1082444250
684 107 0.1082444250
107 687 0.1445971645
687 107 0.1445971645
107 707 0.1970952988
707 107 0.1970952988
107 716 0.1172175964
716 107 0.1172175964
107 717 0.1318073189
717 107 0.1318073189
107 719 0.1108586978
719 107 0.1108586978
107 725 0.1584178346
725 107 0.1584178346
107 726 0.1126187993
726 107 0.1126187993
107 727 0.2631000434
727 107 0.2631000434
107 735 0.1177833478
735 107 0.1177833478
107 737 0.1044474732
737 107 0.1044474732
107 741 0.1803420337
741 107 0.1803420337
107 743 0.2451333491
743 107 0.2451333491
107 749 0.1040735852
749 107 0.1040735852
107 756 0.1006805924
756 107 0.1006805924
107 757 0.1177833478
757 107 0.1177833478
107 762 0.1445971645
762 107 0.1445971645
107 765 0.1171433469
765 107 0.1171433469
107 773 0.1969219299
773 107 0.1969219299
107 784 0.1324708778
784 107 0.1324708778
107 785 0.2143115978
785 107 0.2143115978
107 789 0.1057127553
789 107 0.1057127553
107 792 0.1326251555
792 107 0.1326251555
107 798 0.1177833478
798 107 0.1177833478
107 805 0.2198939530
805 107 0.2198939530
107 806 0.1108586978
806 107 0.1108586978
